150 45 112 300 7
2 1 4 3 2 3 5 2 5 2 4 3 4 3 4 2 5 3 3 4 1 2 4 2 5 7 2 2 6 7 5 1 3 1 2 3 5 4 2 3 3 4 4 3 5 
2 1 3 2 2 3 3 2 1 2 4 3 2 1 3 2 4 2 3 1 1 1 4 2 2 6 2 2 2 7 5 1 3 1 1 2 4 2 2 3 2 3 1 2 5 
30 30 28 28 27 27 27 26 25 25 25 24 23 22 22 22 21 21 21 21 20 19 19 18 18 18 16 15 14 14 13 13 13 13 12 11 11 11 11 9 8 8 6 5 5 
1000000 20 23 70 33 81 35 18 72 56 54 51 55 22 80 58 74 58 10 84 29 84 11 52 41 47 63 80 7 74 14 21 57 72 30 48 60 38 78 46 56 6 55 76 41 61 79 29 67 31 10 47 6 29 57 80 46 27 13 11 12 55 47 75 47 55 26 38 84 84 48 46 58 42 19 82 82 37 23 81 31 31 46 70 69 80 84 42 59 53 67 30 8 19 70 74 52 54 65 56 80 58 50 11 78 72 29 5 42 22 23 9 55 78 68 83 34 36 11 49 38 76 42 15 6 80 71 45 11 75 35 32 74 41 32 71 17 8 55 18 74 52 34 24 42 5 46 8 20 18 11
75 1000000 30 34 42 79 82 26 68 14 83 58 80 33 56 77 39 33 70 32 43 34 68 81 68 44 69 17 44 28 69 81 39 27 79 11 63 40 82 6 19 65 69 66 6 85 28 53 51 6 55 8 6 16 81 52 26 25 80 59 12 16 71 8 9 28 14 9 62 58 40 11 77 80 21 11 25 69 16 73 57 40 54 40 12 18 16 24 74 58 70 25 36 77 41 30 85 52 81 70 50 84 8 55 62 12 32 22 63 75 51 30 79 77 43 42 71 84 60 48 68 76 70 51 18 14 76 32 26 45 41 68 78 61 40 5 63 65 16 26 84 68 22 53 80 40 63 17 35 26 59
61 85 1000000 15 12 11 51 46 46 12 32 82 63 35 84 77 47 39 61 80 54 9 66 45 78 14 11 42 61 5 53 66 36 10 84 33 58 9 40 32 40 57 68 39 35 23 65 72 34 69 19 38 6 85 31 32 36 66 24 21 10 66 40 49 32 58 77 30 30 19 19 45 51 81 12 68 33 12 71 30 71 26 53 82 25 12 74 32 38 80 15 52 70 82 13 59 50 78 31 82 76 69 38 35 43 64 37 40 84 11 27 5 85 65 83 16 53 76 54 26 34 79 8 56 17 61 28 48 80 5 81 12 63 42 54 76 70 22 78 84 47 82 83 74 85 74 75 35 43 17 50
17 48 68 1000000 21 30 65 55 56 54 77 34 18 49 55 8 75 14 33 48 31 43 72 69 46 18 63 43 19 48 6 20 82 55 9 56 38 68 54 26 65 79 80 5 85 24 22 55 26 18 60 30 14 47 59 42 46 38 73 64 5 5 50 74 15 80 17 9 21 26 43 31 38 16 42 45 36 63 18 19 35 19 52 28 40 54 8 13 15 23 50 11 62 10 7 18 50 43 7 49 32 14 56 60 48 21 18 56 81 35 7 78 15 38 6 20 50 52 23 38 21 80 56 46 61 63 60 38 10 62 49 11 42 63 59 18 75 10 19 66 49 76 50 41 76 53 72 53 42 54 82
35 63 66 13 1000000 35 77 65 7 85 59 49 41 46 21 33 40 46 25 8 37 81 6 55 70 60 50 12 41 49 68 41 71 19 24 66 10 30 17 63 75 7 84 33 83 51 47 79 68 21 40 84 52 78 26 11 49 85 50 40 69 24 24 33 36 23 8 81 33 42 36 44 68 13 18 51 74 57 79 13 82 83 82 39 12 73 37 82 15 22 58 11 29 81 73 71 84 67 18 72 38 6 65 43 37 32 71 78 58 79 65 58 79 25 73 32 17 20 70 40 48 54 43 70 58 63 24 9 78 27 70 51 68 30 6 62 11 50 45 75 80 22 9 65 19 60 33 69 65 54 25
74 68 39 16 10 1000000 62 61 58 40 42 24 23 53 17 75 32 79 5 8 73 21 68 46 44 8 72 65 25 27 67 85 18 17 72 43 79 59 58 44 29 14 81 77 31 37 68 7 25 26 14 69 67 85 40 68 30 29 79 41 8 56 35 21 27 17 69 22 85 10 49 30 39 17 55 8 54 45 18 47 61 56 79 14 46 16 48 46 44 45 63 37 10 52 81 16 58 81 82 57 72 47 68 82 44 28 81 36 74 59 32 26 62 54 29 40 46 22 28 21 12 18 69 13 71 49 31 77 60 32 75 67 57 38 9 47 34 38 77 33 74 14 69 54 69 85 37 18 29 71 50
15 25 27 54 18 80 1000000 75 57 63 23 5 27 12 59 33 65 16 39 51 10 85 18 34 18 31 45 37 22 66 84 10 13 21 21 55 12 82 78 85 25 67 63 22 65 44 32 61 82 13 27 34 60 11 75 40 24 32 33 37 36 57 15 25 22 38 28 77 52 73 29 41 75 63 43 83 85 43 45 70 55 15 47 82 54 34 24 20 75 80 67 70 77 46 82 19 25 28 36 81 15 33 49 28 73 15 81 49 37 47 48 10 28 14 63 5 8 37 80 48 15 25 10 57 78 66 27 77 34 11 67 31 52 33 58 38 6 36 24 69 24 15 5 77 43 29 78 37 38 47 52
85 54 45 83 40 39 71 1000000 83 60 46 54 10 25 14 10 15 44 28 35 38 13 5 55 14 82 29 24 78 42 80 46 40 46 43 36 12 38 75 11 14 39 79 17 34 72 39 81 15 28 47 67 47 39 40 56 62 17 58 69 64 27 19 78 50 7 37 13 24 61 32 40 36 9 63 39 29 18 58 69 45 70 61 28 56 67 20 40 78 59 28 64 55 81 54 45 33 21 39 62 19 65 21 84 85 68 84 7 79 45 71 9 50 23 28 84 22 6 17 75 52 39 28 44 6 10 25 49 62 39 9 11 17 68 85 39 12 56 30 52 38 12 64 25 25 34 61 28 46 13 62
48 27 55 45 34 63 30 15 1000000 74 10 33 19 68 62 34 22 75 43 70 69 77 27 83 28 82 35 43 44 9 50 73 34 22 6 22 21 80 12 42 76 50 59 70 51 55 52 33 64 51 44 23 11 52 68 77 28 6 30 72 68 17 74 25 53 62 46 13 16 13 78 75 41 65 25 17 41 83 12 71 83 21 83 20 5 37 19 47 16 24 50 83 29 56 58 84 18 19 16 12 28 21 59 42 65 25 57 27 42 31 58 28 12 57 46 26 59 10 65 20 16 29 51 82 53 59 8 82 26 25 63 56 19 14 79 42 38 80 42 49 27 59 43 80 9 42 49 50 34 81 15
51 60 71 50 29 24 15 32 20 1000000 66 65 23 66 34 45 23 79 73 71 61 44 12 55 69 62 55 42 14 29 27 69 55 64 23 21 85 70 79 80 10 26 77 10 68 20 51 15 35 51 21 15 67 82 58 11 73 51 28 21 53 77 14 71 58 39 18 49 14 24 55 68 44 27 43 17 55 9 67 58 33 53 39 76 21 9 54 40 22 43 47 80 58 71 63 49 69 63 78 50 27 47 23 57 14 29 40 9 78 26 39 21 57 31 73 27 81 58 46 17 32 39 20 81 37 69 32 29 6 9 30 58 40 85 28 38 77 24 59 49 30 49 54 39 69 47 53 33 55 36 84
21 64 42 69 75 30 48 33 38 33 1000000 48 63 81 47 79 83 54 10 38 47 62 85 72 13 58 42 76 66 81 49 49 25 79 81 78 61 43 83 19 8 48 39 55 72 35 65 33 35 54 85 74 37 68 54 32 74 18 59 35 37 8 42 56 57 47 17 72 53 74 46 72 47 78 64 48 64 30 28 84 6 76 65 55 40 43 13 17 31 79 38 38 50 75 11 43 7 11 72 52 56 29 66 28 25 52 72 14 43 20 25 62 8 54 64 60 51 6 52 19 53 30 77 42 40 62 62 11 67 6 41 82 23 64 44 33 44 27 12 8 58 57 27 64 74 22 9 82 66 77 5
46 85 13 85 48 75 30 12 77 81 50 1000000 42 16 70 35 35 79 6 45 9 41 15 40 45 16 82 10 80 19 57 62 71 32 22 66 32 42 71 31 59 64 73 78 22 66 20 78 56 54 72 82 72 55 17 30 40 17 37 23 35 85 36 37 43 71 82 23 71 68 72 58 81 8 77 34 62 34 22 29 43 60 64 37 63 24 41 79 53 10 48 81 22 21 13 56 6 17 52 77 56 61 27 78 31 27 66 8 61 38 35 49 17 7 7 31 33 15 10 84 6 30 37 7 41 18 59 24 71 61 23 79 29 43 48 25 9 23 46 56 72 48 30 23 69 81 26 6 53 58 32
29 25 32 55 29 76 63 83 46 55 11 80 1000000 40 38 75 20 18 68 79 63 26 10 32 32 31 40 46 44 33 10 58 66 26 79 31 6 38 80 29 19 49 17 54 63 79 44 33 51 46 18 76 62 67 45 14 26 70 36 64 48 50 28 45 53 21 20 33 74 60 26 46 59 10 66 68 82 25 81 48 77 70 13 85 8 27 61 73 49 67 27 72 80 35 82 29 83 32 46 38 38 52 72 84 85 11 5 61 34 12 5 33 34 80 20 64 82 5 36 67 67 12 10 60 21 17 84 75 65 17 22 22 48 79 66 30 83 62 82 28 15 21 38 42 77 83 49 85 75 14 25
31 30 80 35 40 8 56 84 6 55 33 15 63 1000000 51 16 85 73 84 66 55 61 38 6 47 32 35 67 50 41 7 44 42 64 22 18 9 16 31 68 27 8 71 78 55 28 28 56 77 69 33 84 32 79 43 72 8 39 44 51 36 15 13 58 52 64 14 12 73 61 74 48 55 24 28 31 57 66 83 17 24 22 12 26 9 23 45 69 69 36 42 33 53 22 73 23 21 9 66 39 64 50 14 22 65 65 74 17 26 67 29 59 75 79 27 20 36 15 37 62 52 9 56 60 39 67 57 12 24 46 69 20 48 42 45 62 81 23 33 49 52 70 42 64 40 7 15 70 67 52 15
58 31 44 44 35 76 27 48 13 66 46 20 43 83 1000000 29 26 63 12 49 53 57 36 83 16 50 63 30 72 40 82 39 64 9 25 52 40 50 61 41 52 28 40 80 12 60 82 8 7 81 9 6 85 54 83 29 12 21 85 40 45 53 65 67 34 74 85 77 18 79 82 47 34 6 78 74 20 34 25 66 21 65 14 5 35 60 55 45 6 32 50 69 10 23 43 78 27 5 17 58 49 74 12 37 25 10 47 69 38 33 85 79 73 79 45 18 48 41 20 29 60 8 84 32 37 85 59 79 49 9 16 19 60 72 11 68 79 25 34 9 20 21 84 58 84 84 21 30 23 45 9
60 42 18 64 45 55 47 57 55 51 36 25 36 68 14 1000000 39 59 15 84 8 45 58 80 46 6 17 62 82 36 27 44 75 18 53 50 66 35 35 38 65 13 21 20 73 5 36 21 41 5 40 69 78 46 71 59 72 58 83 63 26 81 36 19 52 82 12 10 60 68 18 62 43 58 76 41 58 78 65 44 10 7 28 63 50 78 35 48 38 6 40 68 57 36 56 23 21 23 19 73 61 47 79 26 53 9 58 44 46 74 64 41 9 80 71 37 61 68 5 81 14 71 35 55 37 27 16 77 18 75 25 80 60 14 81 84 24 55 67 20 84 27 84 8 20 30 25 76 52 21 54
76 41 44 40 19 39 71 17 7 14 11 22 53 72 66 75 1000000 63 55 80 27 55 38 32 74 5 84 35 62 76 17 35 69 82 61 84 16 72 34 7 40 43 74 8 80 24 9 82 53 43 82 50 14 6 24 25 64 24 76 64 52 40 54 35 74 25 36 61 56 34 75 83 15 7 71 35 80 80 72 54 20 27 23 11 34 31 17 40 15 68 81 85 11 14 61 41 62 77 75 23 8 9 52 5 54 27 68 75 50 39 29 52 50 23 51 64 60 50 25 56 39 59 36 66 70 73 53 13 17 48 13 35 6 77 33 48 71 53 78 61 60 78 78 51 82 66 82 37 55 17 12
39 68 27 81 41 31 24 77 84 53 27 27 20 66 85 36 51 1000000 21 46 32 82 64 5 82 18 55 20 37 12 70 8 17 26 31 21 28 9 33 11 77 77 16 59 33 27 65 25 25 6 42 57 60 57 24 7 72 74 5 11 63 38 19 18 75 16 65 21 25 59 81 15 63 70 81 84 26 46 64 8 23 34 19 80 84 42 28 29 40 10 27 38 74 27 38 67 30 33 28 14 28 84 63 47 75 17 34 82 80 37 60 5 70 11 81 38 71 48 24 84 36 81 44 40 83 24 29 6 20 80 8 54 34 44 18 17 71 51 69 10 38 47 45 7 71 28 13 74 65 25 20
46 39 48 30 70 67 6 62 17 40 67 30 18 70 58 74 42 27 1000000 18 85 50 20 69 19 28 24 48 68 66 26 57 42 35 7 59 41 23 30 15 75 45 11 18 26 72 10 22 35 33 53 52 47 11 57 45 79 82 52 71 32 44 56 76 31 50 28 58 21 47 73 63 7 29 26 16 75 49 43 27 29 19 67 7 70 18 44 79 24 83 66 71 61 57 6 6 81 85 12 76 35 36 46 72 69 35 57 29 55 77 52 10 27 85 19 35 80 82 47 7 85 65 10 32 14 69 67 46 63 23 22 18 39 75 34 34 55 76 78 84 21 44 15 59 55 49 84 9 22 32 38
24 72 29 83 16 14 11 11 31 20 29 31 23 83 10 82 78 37 16 1000000 73 40 29 47 57 26 41 24 14 76 58 35 7 39 68 27 22 70 66 19 69 17 11 82 70 47 46 83 43 17 21 5 72 50 55 66 25 61 85 35 53 27 34 83 29 41 77 50 35 85 70 5 14 53 50 52 55 32 21 80 29 68 31 81 15 37 11 57 23 61 17 60 60 25 49 51 42 45 85 56 70 63 39 79 30 16 74 27 69 80 37 25 7 53 16 84 43 77 69 67 44 54 56 15 51 47 56 43 47 74 14 10 40 23 62 69 59 10 32 62 27 55 48 62 44 12 47 27 78 38 80
20 14 34 5 61 37 30 32 32 32 29 85 57 9 38 75 61 43 44 36 1000000 25 11 26 40 53 76 65 42 48 48 40 31 9 24 46 79 17 59 26 52 7 61 26 7 54 79 19 49 26 49 84 83 70 14 77 42 46 20 73 84 15 57 74 69 18 67 27 22 74 51 16 25 51 71 33 13 76 27 57 60 44 61 50 17 41 48 34 28 44 20 40 12 42 53 79 29 73 29 74 47 51 20 78 71 49 32 77 72 83 32 41 23 55 51 29 28 37 8 36 47 81 23 18 24 41 8 39 73 33 48 50 25 73 49 19 79 50 12 50 35 74 58 81 9 17 32 84 77 62 64
42 68 16 5 29 16 11 61 54 55 46 73 21 45 22 9 10 61 22 81 34 1000000 12 81 42 63 62 24 33 43 84 19 71 64 45 32 12 36 51 69 63 12 18 18 27 42 41 35 56 40 74 56 32 79 44 66 33 64 13 45 76 15 81 30 27 25 30 6 52 55 43 27 64 20 15 29 56 46 18 26 40 85 34 31 58 82 56 43 54 29 64 19 83 49 68 35 84 51 5 62 14 80 75 84 39 84 39 17 11 74 56 49 43 52 17 83 16 48 9 32 41 38 81 11 38 9 5 16 19 24 17 57 10 71 43 66 12 51 38 59 50 67 26 21 8 23 49 28 65 43 6
80 41 78 55 17 48 63 14 31 11 10 22 7 61 69 83 26 13 24 75 8 43 1000000 40 20 51 21 10 78 33 60 10 81 81 80 41 61 64 19 67 53 16 60 48 8 5 66 60 72 61 42 79 51 83 40 70 64 69 25 54 33 18 22 56 6 53 55 26 19 16 19 34 17 32 43 54 10 83 48 46 76 15 45 54 50 30 22 23 72 79 77 60 53 47 23 24 64 51 73 50 39 70 8 30 83 71 5 28 57 55 15 66 54 11 11 85 6 80 83 50 23 49 61 24 84 79 38 67 20 69 51 19 45 26 84 36 21 56 10 44 20 51 33 35 74 63 73 22 70 8 70
10 11 32 38 34 32 75 21 7 14 9 31 52 7 32 62 66 24 54 51 44 41 83 1000000 50 7 28 35 81 15 52 59 18 41 22 22 25 30 78 84 5 39 14 10 84 28 63 41 39 55 52 13 22 30 12 26 29 23 10 30 84 80 50 79 71 45 29 14 17 6 21 19 73 17 20 59 66 29 73 72 20 23 76 41 46 84 80 34 23 60 10 65 35 20 66 39 72 38 49 60 45 23 83 83 58 26 11 75 19 73 68 50 64 44 12 7 36 27 20 57 60 8 15 78 8 16 76 21 24 46 71 40 44 55 43 73 83 46 49 21 46 47 19 48 41 11 66 77 71 45 39
67 23 21 75 7 83 28 12 49 74 48 8 30 46 13 48 61 83 74 49 73 84 68 68 1000000 45 42 30 15 78 66 37 16 39 69 14 8 53 64 29 50 55 24 38 63 13 35 20 71 7 82 25 81 81 40 21 65 45 6 34 59 81 62 63 14 79 76 32 17 23 49 51 64 68 58 45 15 61 80 19 56 35 24 9 14 79 48 19 37 79 32 33 52 54 18 13 72 42 76 28 72 76 79 35 75 30 71 83 12 35 5 81 18 41 70 28 20 13 15 29 36 39 65 55 42 23 10 52 39 50 57 59 43 39 59 14 60 75 69 36 40 18 25 29 6 77 82 38 37 54 76
44 8 82 73 37 61 41 38 34 79 16 38 13 32 81 59 15 62 49 85 7 22 7 11 39 1000000 59 57 58 72 10 34 64 74 14 20 80 83 54 40 73 16 73 79 31 8 52 42 77 63 83 84 23 80 49 58 32 21 57 78 19 82 40 52 34 50 30 74 29 31 57 61 81 65 37 34 80 73 50 54 9 29 9 84 69 31 54 8 71 68 38 16 28 40 74 76 19 76 79 66 70 31 46 29 54 76 85 24 46 76 64 11 22 63 53 62 30 9 72 33 16 67 45 80 24 49 40 28 76 61 35 30 58 65 64 33 6 65 32 85 54 34 26 15 9 61 58 45 71 14 67
46 15 74 13 27 57 71 20 85 20 65 35 75 11 43 20 64 31 24 68 46 5 60 64 77 68 1000000 30 19 30 83 80 46 51 27 69 49 79 82 43 44 84 22 79 67 9 7 77 51 35 63 38 79 52 46 10 56 56 38 13 20 10 5 69 12 26 55 27 11 66 68 60 36 47 56 80 65 50 12 26 6 59 51 32 7 12 58 7 82 78 34 38 12 82 67 60 17 12 69 61 40 81 9 66 33 47 33 51 30 56 53 23 80 53 18 57 78 19 78 17 24 9 27 65 83 71 67 50 16 85 39 51 58 11 52 8 43 52 8 48 25 61 55 59 14 71 30 37 74 61 26
11 63 46 24 26 55 16 46 65 21 35 45 6 65 19 33 27 35 19 84 78 35 80 32 9 44 76 1000000 82 21 54 56 49 75 80 68 65 52 6 10 81 64 6 67 60 8 25 65 84 85 17 38 82 21 26 21 52 47 52 76 45 69 13 79 68 73 83 51 71 62 10 73 45 63 63 85 35 73 8 33 34 65 72 50 32 22 71 61 80 82 75 38 47 20 25 16 54 34 60 26 66 24 18 51 21 7 13 78 78 47 62 22 25 64 48 11 49 60 31 83 82 80 26 22 82 44 22 41 13 61 29 42 56 56 70 62 70 42 41 75 76 53 8 83 10 71 49 53 84 66 8
82 82 20 38 10 51 35 29 29 67 78 82 67 37 28 49 77 77 50 39 76 33 66 18 66 14 65 8 1000000 46 45 51 63 31 61 28 8 66 10 82 52 15 26 74 14 40 59 55 73 37 11 57 83 74 45 85 44 62 78 85 61 22 52 35 46 82 7 31 14 76 45 31 50 58 52 5 79 76 62 5 42 52 39 82 68 85 14 33 76 49 73 69 70 23 17 61 14 11 82 34 50 41 22 82 81 5 62 13 81 70 48 34 57 41 5 6 22 51 46 66 24 47 77 6 29 45 26 61 74 13 32 11 64 13 38 57 19 27 62 69 82 46 49 62 34 61 73 75 34 49 10
77 39 60 9 25 10 13 35 57 75 54 34 14 12 32 8 24 71 7 27 42 43 57 59 73 52 13 43 60 1000000 29 15 70 63 46 41 65 41 38 60 38 29 66 13 17 66 63 58 5 53 75 35 47 6 42 69 57 22 24 17 75 8 37 45 43 83 7 68 31 72 27 67 14 66 10 45 28 14 31 82 54 5 47 67 55 70 60 50 37 55 70 57 19 50 7 6 20 31 48 71 13 10 73 20 10 56 25 12 69 61 73 71 70 6 30 72 15 10 70 32 36 81 30 6 47 31 36 55 48 84 47 50 16 46 28 46 10 56 64 64 10 42 82 55 9 31 24 33 33 15 34
78 37 7 71 20 20 72 14 45 63 21 78 38 47 43 73 41 38 24 13 29 77 26 40 33 48 32 27 28 9 1000000 37 51 25 26 37 39 27 76 42 8 53 26 35 70 72 27 63 44 81 74 27 73 62 41 9 49 64 12 59 78 47 60 41 7 49 10 19 75 48 5 43 21 20 77 26 54 85 77 13 51 21 26 36 39 73 76 9 20 14 62 66 60 28 44 35 44 57 79 68 28 44 50 17 10 42 31 12 43 5 60 62 81 10 6 74 36 27 49 64 48 26 54 25 62 15 10 64 85 36 84 25 74 24 70 33 78 33 48 78 61 24 56 7 59 39 37 16 81 5 23
5 57 51 55 38 58 55 28 54 56 79 27 60 53 56 66 35 76 73 26 67 8 24 37 44 25 31 30 30 71 23 1000000 64 35 11 41 49 83 19 40 28 21 17 82 56 62 83 11 18 28 61 66 64 55 45 26 36 12 69 22 19 51 72 26 83 10 19 82 33 47 55 16 12 51 36 18 61 50 72 75 80 5 22 27 66 26 42 5 26 24 13 39 53 72 78 37 68 41 82 70 53 65 29 50 25 22 9 30 6 68 38 62 35 26 60 11 15 31 81 30 20 71 64 51 81 65 74 50 42 15 33 65 44 72 77 60 51 82 79 48 57 35 14 38 81 9 9 11 84 62 35
48 60 26 50 26 24 76 42 54 14 43 41 47 16 11 12 59 38 70 19 45 22 51 7 8 47 82 33 19 50 32 52 1000000 27 30 70 83 17 36 45 15 83 55 72 24 5 41 45 14 8 84 13 28 78 49 64 54 6 27 79 36 62 52 17 63 55 60 65 74 71 33 78 27 36 55 41 13 45 78 5 44 51 14 69 44 76 25 84 5 12 14 5 38 32 62 24 26 54 6 74 63 38 19 71 52 11 19 76 6 37 54 33 23 38 20 50 7 23 40 6 30 62 52 56 75 62 62 85 53 49 37 73 29 80 61 57 69 49 40 43 52 36 75 52 24 43 55 52 55 37 22
14 47 74 67 41 73 56 35 82 56 55 11 9 35 56 42 45 42 42 32 58 48 37 55 58 42 50 71 56 61 44 43 81 1000000 30 37 68 78 16 64 22 28 85 22 84 72 40 60 25 50 60 56 47 83 47 24 8 70 80 82 9 44 39 44 85 38 37 68 7 30 9 79 9 42 84 29 77 63 30 56 18 37 56 69 41 28 53 48 34 85 75 62 76 16 51 47 59 79 31 30 29 48 39 71 51 30 17 56 66 32 81 72 59 57 76 31 49 9 13 58 53 17 62 40 25 54 29 15 22 73 66 67 63 33 56 6 16 75 26 21 73 9 39 24 78 78 75 31 67 17 47
41 40 59 50 68 46 34 47 63 55 82 84 57 38 82 51 27 18 26 67 59 14 21 12 28 53 30 85 21 69 6 60 9 39 1000000 41 83 29 75 45 34 57 70 54 14 68 59 14 20 81 74 69 59 79 58 78 22 22 17 85 57 34 54 44 69 42 61 21 58 22 48 23 18 65 11 60 20 38 43 64 43 33 63 27 61 45 23 22 13 75 71 49 17 84 20 82 8 40 81 5 9 48 22 50 11 7 5 18 68 68 67 55 24 22 71 78 67 68 32 43 40 62 73 34 71 8 78 14 71 27 66 53 68 70 71 17 49 46 48 83 60 23 48 17 14 46 10 85 41 67 61
78 31 76 18 40 45 25 73 26 7 41 60 30 7 24 8 48 33 53 63 51 60 76 22 61 32 27 20 11 77 77 40 56 63 61 1000000 70 5 23 78 59 55 74 39 81 15 49 82 64 15 65 19 28 9 80 47 25 80 75 22 8 11 76 19 35 29 59 32 61 60 5 17 32 20 11 17 78 12 53 57 71 6 30 43 73 66 15 54 45 27 58 72 67 32 76 36 76 82 6 27 14 42 51 40 24 58 55 28 39 39 10 72 50 11 70 18 47 33 5 19 20 21 36 41 83 80 83 41 37 61 48 52 34 15 37 45 44 47 5 11 73 81 46 33 64 64 42 42 18 45 64
10 45 31 8 6 50 50 50 46 39 51 21 39 82 24 26 19 46 52 14 56 70 24 61 44 14 27 45 47 56 37 65 10 20 53 48 1000000 61 21 61 36 11 59 40 51 6 45 39 59 53 48 24 59 76 73 68 83 7 28 53 6 65 72 59 84 62 34 32 63 60 63 32 45 46 34 16 54 41 36 23 58 31 81 26 51 16 71 83 10 59 6 34 66 56 71 7 39 32 15 45 26 58 10 44 22 56 27 32 82 44 76 85 36 81 69 74 54 19 59 42 69 14 28 66 73 14 6 64 40 43 12 85 11 77 41 6 39 7 56 58 19 21 30 40 66 19 80 25 23 67 20
68 77 83 16 80 49 82 35 78 73 21 50 74 60 49 74 39 57 31 54 49 45 23 51 62 14 45 27 85 74 40 8 59 25 23 55 34 1000000 15 64 35 54 72 64 48 9 62 83 33 54 83 35 38 60 49 38 70 5 61 26 78 35 84 41 19 77 31 49 73 44 20 84 59 5 54 28 20 47 77 12 73 43 54 79 62 48 7 57 19 80 19 41 54 34 83 44 60 43 26 44 68 67 68 55 76 24 11 45 45 60 68 10 85 76 74 80 48 47 74 5 17 38 24 15 55 39 27 60 39 60 63 35 31 28 8 18 11 81 66 6 84 68 19 41 14 29 65 6 83 59 42
68 35 56 21 74 73 29 68 27 85 81 19 14 40 41 32 43 8 56 75 44 43 59 49 54 55 26 68 36 56 45 53 22 20 66 60 46 63 1000000 15 64 8 60 64 46 77 69 76 12 79 16 20 83 5 68 46 22 29 23 66 83 37 85 40 7 16 63 58 22 66 12 16 19 15 8 71 60 45 15 6 32 20 18 60 41 81 37 25 65 26 60 71 51 35 29 59 16 14 28 81 44 20 56 37 28 33 62 24 76 17 6 58 10 6 50 85 78 52 35 35 50 66 82 23 23 40 42 38 42 31 55 21 25 84 49 84 12 15 37 49 72 29 64 73 75 42 16 55 21 48 58
80 35 69 49 54 13 78 6 18 80 59 71 22 65 37 56 64 25 35 46 46 21 49 16 65 12 67 70 69 79 21 83 43 26 27 68 28 58 38 1000000 33 55 19 52 38 65 85 41 64 20 13 56 77 31 37 62 71 63 80 39 53 13 30 43 58 12 56 28 32 18 55 39 7 13 9 44 82 69 38 55 64 50 46 6 61 29 35 18 83 28 14 9 23 80 31 81 17 77 18 83 41 35 63 61 76 83 77 51 39 39 50 51 84 8 57 49 45 5 75 8 82 26 18 43 39 31 84 43 30 80 35 12 23 84 23 58 19 28 63 50 37 53 48 44 81 72 31 49 73 56 36
33 63 13 73 80 22 14 78 68 36 71 5 77 22 37 5 73 49 7 16 76 18 7 23 68 45 82 53 29 80 51 59 39 10 67 47 47 63 66 45 1000000 9 43 55 63 46 37 46 38 75 17 27 53 84 57 59 71 33 84 32 50 81 74 36 30 58 8 30 41 68 32 71 70 30 47 47 57 5 6 65 52 79 19 58 55 48 81 65 6 27 27 22 53 75 81 11 52 46 42 19 17 77 17 39 6 71 84 60 56 20 84 16 43 51 19 51 61 55 31 69 57 25 56 23 55 42 37 38 10 56 36 12 53 27 54 53 33 17 32 7 40 67 30 19 80 24 69 45 10 78 38
10 18 44 8 26 31 46 34 30 46 16 34 80 5 39 21 26 85 54 14 84 76 54 57 10 35 31 28 73 52 56 55 14 40 13 7 74 56 52 37 9 1000000 60 18 66 44 6 37 70 13 70 60 42 61 51 15 23 16 42 8 49 43 54 83 62 7 39 10 61 37 19 17 80 76 82 79 31 69 54 60 54 74 9 7 22 68 25 62 22 50 18 57 29 43 25 32 52 48 57 63 70 8 25 65 81 76 26 44 27 61 53 24 40 35 6 6 56 40 30 49 65 57 24 61 74 35 78 67 17 7 83 53 28 8 22 79 32 10 74 34 12 62 59 10 68 53 5 85 71 33 25
29 49 13 68 38 52 11 76 28 5 46 69 73 71 11 19 81 13 46 7 12 59 47 35 51 55 5 30 62 49 23 51 61 62 50 66 24 85 47 79 83 50 1000000 72 61 27 63 66 72 34 6 11 59 7 21 68 33 49 61 5 25 49 48 49 45 66 64 76 33 6 8 75 84 76 66 56 14 16 29 39 29 44 13 51 49 52 54 22 84 48 22 15 80 44 29 37 24 34 42 35 11 18 34 85 55 5 78 64 80 77 19 33 83 14 71 7 74 29 70 53 76 30 58 21 55 31 65 76 62 78 9 13 23 75 73 53 42 33 80 72 51 67 40 59 48 40 9 59 73 32 29
17 69 80 55 26 22 9 59 23 12 38 77 20 48 47 35 15 5 32 21 45 64 44 42 27 10 25 56 79 73 54 22 30 17 54 80 80 48 17 23 21 50 30 1000000 76 44 81 77 75 51 25 7 52 61 36 21 16 81 74 57 34 26 84 73 41 56 16 63 17 36 26 49 46 15 44 56 64 32 65 34 11 48 24 16 18 81 5 34 25 69 48 13 22 31 12 39 41 82 65 56 8 76 31 18 59 68 76 33 30 37 59 26 11 40 68 10 58 28 61 57 8 6 76 9 80 29 15 47 37 44 54 39 45 73 50 47 68 61 50 50 65 71 77 17 65 64 35 5 82 15 51
66 59 46 55 48 16 10 51 11 37 21 30 39 48 49 22 15 70 8 44 70 31 52 72 11 54 82 13 54 21 62 75 24 23 35 22 20 35 32 44 69 9 77 16 1000000 8 65 38 20 80 27 9 62 52 11 13 53 28 31 76 69 66 76 66 45 58 17 57 55 77 11 46 46 45 74 57 27 79 41 43 6 83 67 44 46 26 48 7 27 12 7 9 57 22 11 62 7 63 11 22 57 35 22 71 53 60 45 64 68 27 39 11 71 72 13 29 55 27 36 30 22 47 48 58 58 54 22 57 7 22 21 24 20 36 76 19 79 37 33 10 23 58 16 59 76 17 48 54 50 39 20
70 84 52 83 37 72 39 69 24 9 84 62 63 62 79 5 50 59 56 49 33 7 10 33 66 22 54 43 77 36 12 70 26 74 57 30 16 69 45 59 59 49 62 44 45 1000000 82 16 16 67 71 18 49 13 71 85 39 84 29 66 56 83 29 15 50 28 75 20 10 69 77 16 52 11 44 28 5 61 13 18 9 31 9 58 10 27 81 49 7 17 62 10 25 76 7 65 51 46 72 50 77 5 45 63 46 45 21 76 12 30 16 85 14 41 14 36 60 48 32 37 80 63 30 26 60 70 29 13 26 11 24 43 35 14 23 37 71 66 84 79 47 74 39 52 62 78 49 45 58 17 73
17 52 38 40 20 57 9 5 58 51 13 83 26 11 42 16 46 18 24 27 11 17 40 80 40 66 12 55 32 34 67 15 13 77 79 32 30 50 35 59 85 19 66 24 43 59 1000000 47 16 6 57 41 17 22 64 19 21 71 19 25 10 21 71 40 41 33 72 38 47 51 53 40 14 79 24 24 14 68 40 54 46 63 16 60 16 8 16 57 32 33 33 68 65 16 63 38 57 75 53 57 33 81 23 84 79 40 83 35 29 49 50 61 35 25 31 31 14 5 40 31 8 76 40 84 38 58 28 66 19 17 8 14 33 38 20 43 84 9 32 15 29 74 76 10 85 18 45 76 64 22 36
76 38 70 81 54 83 23 64 68 48 79 55 62 67 66 31 37 31 61 84 69 40 57 39 29 33 65 28 33 5 82 79 84 8 45 69 39 16 45 84 18 18 28 20 49 52 49 1000000 31 28 69 61 35 73 34 21 13 38 30 55 6 12 44 5 54 69 65 44 12 59 11 38 11 69 63 27 21 54 21 39 84 77 31 39 51 36 12 7 72 68 47 46 48 83 21 77 85 41 54 67 16 36 50 67 83 28 71 58 24 31 34 37 41 37 42 49 66 58 51 55 45 16 14 83 71 7 69 55 26 30 48 60 73 37 18 64 8 80 81 66 60 40 18 62 26 80 60 17 7 5 29
24 31 41 80 46 50 21 60 26 66 76 76 57 45 75 78 12 57 79 66 23 10 82 56 76 14 14 75 79 5 51 77 84 65 82 67 24 79 79 54 63 53 6 20 69 19 39 42 1000000 36 21 48 55 15 77 77 36 31 5 21 5 41 38 38 38 33 5 7 27 56 28 12 47 78 22 21 44 7 77 52 63 77 22 72 43 41 59 44 37 73 73 42 85 54 76 19 75 24 21 36 14 56 69 22 38 65 30 40 80 54 60 34 19 39 64 16 15 80 29 35 49 62 45 50 81 69 83 29 33 9 68 8 74 8 43 34 64 51 54 55 5 39 46 42 29 64 18 69 32 45 49
55 65 48 65 49 7 26 81 54 43 56 72 48 7 18 38 29 35 16 10 73 78 59 49 46 5 50 5 6 34 81 37 8 78 44 83 15 72 17 39 38 59 53 48 64 69 14 84 37 1000000 69 13 64 64 74 14 28 43 31 56 80 67 33 72 67 20 69 83 9 74 62 43 77 22 64 45 11 83 79 26 45 31 52 58 13 27 71 33 47 46 57 70 74 17 73 26 74 25 68 81 31 47 69 23 11 34 59 74 27 10 51 25 8 59 45 45 68 83 17 26 37 8 7 41 37 85 64 65 11 49 6 22 19 5 66 12 68 55 78 74 63 70 57 50 13 79 52 38 49 67 45
53 26 62 67 22 55 68 22 34 71 25 85 40 5 77 62 10 13 32 43 71 61 41 70 16 73 56 79 48 59 29 17 41 29 27 69 66 70 43 66 71 79 74 66 63 69 9 63 75 60 1000000 39 48 49 44 56 62 46 58 42 13 9 69 7 9 32 21 63 80 14 63 75 21 15 32 76 34 29 22 74 7 75 10 47 31 8 66 81 18 27 78 13 38 37 68 50 29 85 43 44 24 18 59 44 68 67 10 50 32 25 64 47 44 20 41 21 54 15 58 57 44 31 16 55 12 16 60 76 27 62 54 28 77 33 57 58 49 40 84 19 83 83 51 29 34 20 18 21 85 77 21
43 83 79 9 81 53 19 17 54 63 84 38 37 82 60 85 38 24 30 35 13 18 51 64 14 11 47 77 14 8 14 46 59 15 22 11 10 21 12 17 35 35 42 7 29 14 73 48 43 39 75 1000000 55 80 20 63 30 37 82 34 59 35 24 6 37 33 63 82 61 32 9 5 36 45 41 37 12 41 37 23 85 10 42 8 41 69 74 61 57 20 58 32 51 29 43 79 13 71 25 52 27 55 18 74 44 66 34 72 7 35 5 56 84 64 10 72 57 34 52 84 27 30 22 20 81 81 38 65 52 52 42 26 79 22 22 35 24 45 63 15 83 32 47 57 30 5 79 49 31 61 57
6 78 40 61 7 37 21 61 42 54 75 62 70 18 54 37 56 49 64 51 52 66 50 71 21 78 49 51 46 19 79 38 23 24 22 23 63 43 33 84 81 66 49 30 30 34 21 50 5 52 9 78 1000000 32 38 41 6 25 46 64 70 26 21 56 63 75 85 29 78 73 57 74 73 43 9 38 40 82 34 62 51 20 23 49 29 77 61 63 30 38 42 42 69 72 72 9 34 76 14 85 34 17 50 57 35 79 48 16 27 70 22 11 23 59 16 72 84 12 78 7 68 58 5 26 75 19 52 30 49 67 68 81 77 21 72 12 44 11 37 35 28 6 5 81 13 33 71 49 82 36 72
70 50 74 74 29 70 33 38 42 74 35 48 71 12 54 29 78 35 36 29 22 33 12 82 27 33 12 60 55 50 68 55 26 19 85 17 71 66 7 26 38 31 27 69 85 25 57 16 18 70 64 27 17 1000000 82 27 9 34 37 74 17 37 13 9 69 6 85 24 69 20 48 44 27 85 16 6 62 83 31 57 79 28 67 74 50 82 27 24 83 38 68 79 5 33 65 66 65 12 22 58 13 20 43 82 53 12 76 33 12 26 44 34 40 9 42 25 58 84 32 27 19 46 28 46 62 67 50 11 85 79 60 50 24 73 80 5 5 48 44 5 8 30 69 16 21 38 45 52 69 65 75
60 66 59 76 84 30 64 56 74 73 55 76 75 61 76 35 71 45 66 66 73 66 36 15 20 72 46 30 82 51 6 25 35 15 73 85 39 56 16 35 81 70 8 8 54 69 42 39 66 61 25 61 53 75 1000000 71 21 85 10 43 28 33 80 62 70 62 74 5 63 15 31 72 43 65 30 13 22 12 71 47 63 53 84 78 25 17 63 79 36 18 25 79 41 74 18 16 54 28 19 76 36 26 53 81 77 35 60 67 52 78 7 15 66 61 12 64 75 54 57 63 17 69 14 85 29 8 45 29 10 6 20 61 80 83 66 32 63 62 24 44 78 16 18 29 42 84 22 80 28 5 13
44 8 51 33 83 70 48 63 78 62 83 29 27 79 13 57 48 6 27 68 12 80 15 31 32 78 33 64 58 52 78 44 74 39 67 20 6 69 63 58 74 49 83 14 62 15 68 54 20 10 5 40 45 60 11 1000000 20 72 74 75 9 43 49 56 82 80 30 59 38 77 21 55 45 12 42 69 58 81 22 59 25 57 42 64 74 48 74 15 72 12 5 39 13 52 35 72 41 23 44 40 80 10 68 72 18 33 66 31 24 20 5 78 26 83 56 20 12 23 37 5 77 22 73 44 15 70 73 37 10 81 9 51 69 57 57 11 30 8 26 72 75 14 58 44 22 8 66 74 51 79 15
73 38 25 61 45 53 19 40 81 18 23 37 61 70 52 45 30 30 9 9 54 84 62 58 81 16 71 24 47 66 73 64 29 75 65 11 44 8 70 61 74 24 14 13 17 20 23 15 46 18 60 53 60 66 28 48 1000000 22 58 40 26 85 51 15 24 64 78 55 14 58 52 71 9 24 7 19 20 12 58 33 72 61 62 75 66 13 23 10 16 62 21 73 70 26 83 83 43 19 69 30 18 72 62 32 32 50 40 72 15 36 34 75 33 46 38 13 20 11 75 45 32 18 27 74 55 12 74 64 8 18 12 32 84 51 39 51 44 35 27 12 21 83 48 38 39 85 84 31 56 14 51
62 60 45 18 59 64 54 49 66 43 14 10 50 52 57 24 45 83 37 24 50 11 56 45 75 41 83 63 26 21 24 18 55 19 21 38 38 83 85 60 75 28 75 27 40 58 27 83 54 15 59 71 10 63 19 20 84 1000000 20 66 29 22 15 71 23 25 77 12 13 85 34 30 63 27 5 37 31 67 51 45 53 11 40 74 61 67 34 31 74 63 11 8 24 17 54 65 40 71 38 26 45 63 80 51 18 64 51 85 25 69 21 45 63 36 53 43 76 33 10 60 81 58 68 60 28 10 45 33 67 77 75 35 23 33 56 65 78 11 9 80 6 37 58 11 16 47 58 74 37 11 11
52 12 25 49 69 67 49 76 46 26 32 25 46 53 60 84 20 51 82 9 32 6 60 35 55 39 46 44 45 35 23 55 62 80 15 51 15 36 42 54 83 15 6 43 74 64 25 57 63 43 50 25 57 73 18 39 84 49 1000000 73 28 19 66 16 45 59 32 59 76 57 29 57 58 42 56 65 52 33 16 41 59 29 74 8 49 34 64 69 71 17 19 68 27 42 64 15 23 77 29 49 37 45 50 25 59 25 22 69 43 71 24 25 41 25 44 47 20 72 42 18 44 76 46 20 24 38 58 45 21 63 35 67 11 36 5 47 67 39 46 17 19 48 36 31 14 73 7 84 42 33 40
8 17 55 46 13 61 81 25 49 79 65 38 48 9 61 35 42 36 65 66 39 30 78 20 40 40 6 75 28 79 24 81 85 5 83 32 12 35 21 44 22 37 82 85 82 82 60 5 19 20 43 52 50 6 85 72 13 37 68 1000000 65 25 61 81 10 52 61 28 61 84 52 74 40 67 18 17 24 30 63 30 23 12 6 39 50 13 8 63 59 44 43 84 39 61 44 20 72 66 41 47 43 27 8 7 60 61 7 10 26 63 81 62 21 59 56 58 68 84 24 13 44 22 41 46 10 71 39 31 40 64 29 57 42 44 56 54 59 21 70 59 65 18 6 54 50 8 54 80 73 62 16
69 14 32 84 32 41 36 59 58 21 85 54 79 33 71 67 83 9 78 15 11 52 25 63 19 14 42 40 36 48 75 52 84 53 14 56 42 84 56 77 56 9 9 5 79 54 81 23 31 71 43 19 77 35 51 12 80 55 7 48 1000000 42 40 66 37 73 84 40 51 85 10 42 75 16 28 84 21 56 37 66 44 47 82 55 69 37 9 35 19 35 7 44 35 44 68 8 40 43 84 77 29 71 19 38 22 40 23 54 48 62 43 85 41 7 38 23 40 12 69 84 35 9 44 66 51 29 30 22 59 23 56 54 85 18 61 72 34 34 56 7 36 33 20 62 25 17 15 26 9 68 59
81 36 84 58 75 75 77 45 78 60 30 60 5 57 36 52 23 70 12 48 60 8 80 22 54 55 80 67 66 49 50 43 21 39 76 79 11 7 64 78 71 59 47 53 17 65 71 80 44 56 79 10 34 26 56 63 22 13 59 39 22 1000000 83 39 33 70 21 28 52 72 9 60 81 37 23 62 84 24 59 55 16 27 45 6 77 71 64 33 49 49 50 54 58 8 63 66 75 50 71 53 28 9 80 26 17 33 28 81 41 59 84 66 55 14 21 40 24 40 42 42 50 68 79 45 10 21 25 75 51 30 67 54 64 33 56 35 47 33 70 63 54 77 23 70 6 63 50 75 79 22 55
13 26 15 47 38 51 69 38 79 7 72 61 40 68 33 78 77 66 17 69 34 73 65 20 46 75 19 37 47 10 5 61 75 49 75 47 22 63 81 58 85 25 79 14 7 51 16 26 19 37 36 33 72 77 72 59 9 48 70 71 65 44 1000000 22 52 29 58 29 66 74 50 6 42 52 77 38 78 77 63 54 79 80 54 17 56 18 19 24 54 33 65 43 81 62 49 42 14 58 48 34 68 85 41 85 75 61 75 31 84 33 72 81 18 40 21 17 47 16 69 38 67 42 20 44 13 58 19 43 68 63 84 42 35 51 84 16 49 17 65 63 79 57 21 50 33 77 28 55 31 23 15
13 81 27 50 6 70 68 20 10 15 5 47 13 76 22 81 75 33 85 57 54 5 8 20 68 26 50 26 19 72 53 21 58 72 16 26 7 25 23 31 72 40 24 37 51 24 20 85 78 19 61 44 33 37 64 21 78 66 66 8 20 14 64 1000000 59 65 19 32 48 74 63 68 67 23 19 25 23 15 20 81 6 49 76 43 82 22 15 29 45 43 19 83 20 48 59 72 40 64 20 33 25 81 72 34 9 71 37 54 36 32 82 65 55 70 78 60 29 66 21 49 7 35 43 36 75 47 9 57 13 62 28 31 8 30 66 72 25 34 80 65 37 31 52 21 79 67 58 79 48 23 80
68 42 82 34 12 50 21 83 44 71 55 22 24 34 6 48 59 52 66 39 63 51 31 9 6 52 76 42 48 34 15 49 48 14 81 43 24 74 60 61 28 58 26 64 57 59 48 83 78 73 65 6 7 21 17 43 57 6 68 70 55 66 25 20 1000000 33 70 58 18 57 40 23 56 49 63 69 55 19 28 26 52 60 10 45 38 60 70 78 18 14 85 79 43 17 24 51 16 10 73 45 81 32 48 34 29 34 78 63 7 8 7 54 57 29 54 57 12 19 15 60 50 63 45 27 48 70 80 24 76 6 75 57 37 76 83 31 61 54 63 33 36 65 55 37 31 48 53 43 21 28 84
80 22 23 83 50 40 24 17 70 77 68 32 22 50 23 69 49 83 70 39 82 77 72 25 17 34 31 10 59 7 21 20 12 40 17 40 34 73 80 81 57 47 18 82 21 35 18 50 36 73 24 35 34 9 21 74 42 21 51 58 80 78 15 78 10 1000000 15 44 43 76 50 19 78 7 28 50 69 70 51 5 29 29 31 54 43 24 73 66 60 36 8 78 36 34 60 38 25 17 40 25 39 14 54 50 20 57 42 43 36 70 71 27 74 27 77 5 7 81 40 17 33 36 44 33 39 32 28 52 67 54 33 76 34 9 43 61 69 52 53 30 60 45 34 79 45 64 22 17 33 16 31
80 38 15 79 51 44 36 41 65 23 79 18 23 12 16 16 42 39 59 12 16 11 22 16 41 78 28 37 8 7 44 83 5 7 85 84 48 27 7 74 21 48 24 32 7 8 44 57 54 59 48 27 14 6 12 33 63 65 63 26 59 9 17 76 73 75 1000000 49 64 16 40 63 43 77 82 78 14 75 23 44 48 39 42 55 11 84 23 67 23 37 58 28 51 8 13 20 50 79 74 28 5 85 15 85 51 80 59 68 24 44 71 59 38 41 11 36 11 22 45 34 31 52 45 19 50 19 72 63 47 70 43 53 72 22 25 36 80 64 47 50 38 67 73 25 55 33 36 34 46 55 70
46 16 21 12 45 23 28 41 58 81 15 46 73 10 73 9 24 11 15 49 8 65 49 6 71 33 25 28 69 25 40 60 61 11 82 41 7 81 77 21 45 50 72 53 81 65 63 74 22 56 18 47 67 81 67 68 16 37 35 54 27 53 60 17 50 60 8 1000000 20 82 85 53 47 36 63 65 77 17 10 60 19 55 31 70 59 80 22 8 22 66 22 70 44 37 55 62 6 48 42 48 68 10 19 12 20 59 46 67 68 44 65 83 78 7 55 77 59 53 67 5 73 54 73 56 35 67 18 40 68 26 48 8 43 63 9 65 72 35 49 7 67 64 68 60 35 75 31 34 34 64 75
71 41 30 17 54 84 7 10 33 38 26 72 48 44 66 85 60 26 11 42 62 21 9 55 38 41 44 54 84 11 84 63 83 52 45 27 68 13 47 50 56 8 32 17 57 54 33 65 81 25 46 15 60 49 22 68 37 11 81 19 73 68 8 48 21 42 65 58 1000000 38 45 55 68 74 52 19 75 74 30 33 85 21 53 54 72 55 70 76 37 9 8 13 56 81 65 76 45 83 51 75 21 85 31 8 66 71 73 85 79 83 75 5 49 69 73 33 35 44 31 77 69 21 71 29 20 59 67 66 13 26 84 42 38 43 72 81 63 28 59 47 14 47 81 75 44 21 37 67 20 24 27
69 25 46 72 65 63 42 56 79 85 73 82 81 55 25 75 9 25 72 75 46 40 33 12 68 56 85 30 84 47 68 55 72 54 72 53 33 22 81 50 75 13 12 77 73 30 69 35 62 12 20 11 27 13 15 55 65 52 43 14 53 37 83 31 65 29 29 41 56 1000000 12 13 51 6 28 54 37 27 66 32 79 60 63 48 59 82 9 19 21 67 24 45 12 79 81 56 20 85 40 10 57 38 11 22 35 25 77 18 23 29 24 52 78 74 42 64 78 48 67 78 54 35 35 71 38 40 24 13 27 70 44 23 5 80 16 34 16 81 74 39 32 80 30 80 34 51 51 50 18 27 29
6 38 37 28 13 40 40 8 73 41 19 57 39 11 19 64 31 52 66 72 42 15 85 83 54 82 33 46 43 43 60 42 58 53 68 43 55 67 38 72 27 48 56 67 58 17 29 42 29 48 73 24 23 81 48 64 14 20 79 38 31 25 28 18 43 83 78 15 48 10 1000000 34 20 17 42 6 60 53 32 45 54 53 83 39 85 13 16 66 7 26 37 13 44 13 16 19 45 17 52 22 85 72 23 58 31 33 51 56 83 16 43 45 18 6 22 22 79 83 52 65 75 14 27 77 14 33 27 22 32 52 71 13 60 70 23 22 22 42 49 74 29 65 36 24 42 84 12 50 10 75 39
27 85 16 65 24 73 22 19 28 30 41 25 59 75 53 41 67 25 47 77 38 53 46 49 44 9 63 48 72 82 80 22 69 25 51 10 64 66 76 11 52 5 33 56 35 30 33 81 73 67 66 55 30 68 46 43 59 50 6 74 77 71 47 53 13 36 35 44 61 5 35 1000000 84 56 45 30 50 49 18 51 48 9 59 23 32 36 60 28 83 34 10 55 80 57 22 60 49 37 52 32 63 25 30 82 46 44 8 58 5 52 75 42 70 8 11 39 75 66 29 27 39 61 60 20 27 24 18 68 84 49 19 35 79 70 40 77 12 74 42 42 18 29 85 69 18 29 24 23 22 49 80
72 13 66 65 18 60 84 59 44 67 25 36 55 84 52 24 74 48 73 66 50 81 82 16 46 28 11 67 19 75 47 81 74 49 51 60 81 67 71 15 81 15 81 75 27 56 22 80 5 20 34 65 74 79 83 76 19 22 39 20 59 29 15 78 31 61 28 10 68 78 35 10 1000000 16 61 62 40 54 60 71 78 79 41 68 66 84 75 82 32 85 69 43 84 78 31 51 49 9 71 48 52 12 47 40 80 20 68 75 14 72 52 51 19 75 37 5 6 77 39 68 55 41 39 8 22 54 63 71 25 25 66 5 40 10 75 44 14 47 64 81 49 22 58 68 30 45 53 64 23 71 9
72 74 46 36 73 36 53 84 22 85 12 30 29 30 75 70 71 85 75 64 85 56 12 45 50 85 60 32 83 36 5 10 66 12 10 81 82 46 17 44 53 79 79 85 54 53 13 21 39 29 75 59 55 6 81 46 62 64 46 47 24 45 48 28 58 72 8 31 10 77 75 19 82 1000000 16 63 38 27 76 31 9 25 72 59 73 51 46 59 60 57 36 12 63 47 56 20 21 46 74 6 42 50 60 16 6 80 28 83 80 77 41 76 12 40 53 80 52 72 47 22 39 75 47 75 21 81 74 46 16 8 12 49 71 61 39 85 7 83 45 20 67 38 44 21 46 29 56 81 80 78 76
85 69 76 71 27 26 69 41 14 25 63 81 37 32 65 85 26 41 62 45 76 67 30 47 12 8 44 80 71 30 31 82 58 70 11 5 80 51 80 42 36 7 79 51 31 79 38 76 53 11 19 62 63 51 80 9 10 63 9 56 48 55 12 42 24 19 11 67 63 28 26 56 11 41 1000000 22 66 23 32 19 15 41 39 8 20 71 7 53 28 32 80 48 78 23 49 60 80 80 16 46 27 47 64 49 67 28 60 71 8 85 51 45 68 30 38 9 11 72 32 12 74 25 59 37 52 85 22 15 20 41 64 21 69 43 77 84 66 78 84 80 17 82 32 53 10 36 23 80 33 25 85
53 25 64 18 12 53 15 76 21 50 58 23 58 77 43 82 72 29 51 20 76 51 74 17 18 53 66 85 10 35 43 16 68 68 84 6 69 59 6 26 25 48 43 81 45 76 74 42 48 31 30 25 28 41 83 10 37 8 14 10 5 6 30 37 6 75 43 75 12 32 72 47 49 45 80 1000000 8 22 75 74 12 29 71 63 53 47 78 40 7 35 26 61 41 85 72 46 72 78 70 51 19 54 12 81 84 46 12 30 62 7 33 29 11 28 30 78 53 43 71 35 54 81 62 44 37 79 82 46 45 49 80 40 64 80 18 62 65 72 56 31 45 78 17 54 36 24 51 47 9 69 17
40 20 83 75 34 81 10 12 17 8 34 66 71 55 35 22 54 73 59 72 79 83 56 38 79 54 33 47 15 68 33 74 17 42 18 77 69 83 83 36 63 48 85 32 43 68 62 52 23 26 56 21 56 33 33 60 6 31 54 69 30 77 52 77 18 61 24 45 29 46 29 52 23 81 55 7 1000000 26 84 59 73 40 65 58 70 49 56 37 23 22 36 75 48 16 35 45 12 42 78 12 53 32 25 45 58 85 81 41 82 14 61 76 75 23 73 15 58 8 12 24 15 65 45 8 34 84 41 21 29 75 64 39 41 44 23 55 59 67 76 47 69 63 20 65 29 70 21 76 45 29 75
44 21 68 25 7 76 60 44 5 85 69 50 53 46 16 82 47 74 83 9 80 74 16 30 50 31 84 33 81 72 14 76 5 23 40 11 76 27 7 41 67 12 64 38 46 42 67 75 66 7 17 56 85 52 36 65 68 22 66 62 52 17 11 31 26 22 73 66 17 66 24 70 5 74 77 25 12 1000000 9 56 82 52 26 24 18 6 22 49 37 68 11 45 41 42 29 71 71 33 49 55 37 80 66 61 31 39 21 84 73 25 79 83 67 16 15 40 49 25 42 48 80 60 78 67 20 58 50 59 62 17 35 47 37 27 63 34 67 76 13 27 22 9 66 55 77 28 75 68 20 84 28
58 67 51 18 83 78 32 61 47 43 28 22 56 44 31 66 59 23 78 79 22 71 13 19 72 15 25 35 64 7 77 11 12 30 71 40 15 50 31 39 69 80 7 41 32 52 69 70 70 45 78 41 64 44 76 68 62 64 68 31 28 39 12 12 62 28 57 60 32 23 43 25 26 81 30 73 31 72 1000000 50 34 45 69 67 48 31 64 60 76 68 37 14 77 25 73 28 28 82 24 84 71 62 17 41 75 53 60 30 55 29 72 68 56 19 69 34 36 47 19 34 18 48 76 47 47 57 65 45 42 32 72 78 34 31 65 18 51 70 19 75 80 37 19 50 68 62 18 81 44 55 73
71 34 37 27 15 77 56 17 51 64 79 21 69 55 71 47 23 47 50 17 18 33 22 65 52 16 20 54 63 72 83 9 5 58 75 78 58 24 25 70 84 77 60 80 66 80 20 80 50 14 59 83 73 36 84 10 69 56 54 52 79 69 59 66 44 62 21 69 54 44 77 20 41 28 8 40 41 85 57 1000000 6 45 38 59 35 80 37 7 53 61 50 35 44 60 45 52 17 36 47 27 72 40 80 49 8 51 64 43 43 43 47 70 68 24 65 40 72 32 61 58 62 6 35 40 41 70 46 44 41 59 17 43 36 62 69 25 63 43 51 63 68 32 8 11 80 54 33 7 40 57 71
79 30 53 11 76 54 77 51 48 33 59 57 8 73 29 55 47 75 69 47 66 75 38 61 25 54 64 21 18 80 29 26 67 70 22 81 77 42 70 52 5 22 53 43 59 48 23 57 47 21 30 46 82 27 41 26 73 58 85 73 10 51 19 54 22 17 75 75 10 5 14 14 49 18 73 52 23 63 32 18 1000000 8 69 59 64 75 9 39 41 63 30 71 34 51 66 72 13 16 35 57 72 51 43 11 48 55 7 53 27 16 21 84 40 76 38 75 80 81 85 36 56 45 10 5 41 56 64 12 63 50 67 15 67 72 29 76 37 85 61 85 28 24 19 55 12 85 66 79 66 64 20
42 76 16 55 39 29 37 15 63 58 77 69 16 60 30 79 76 58 45 16 32 75 8 67 18 35 37 84 26 56 39 24 7 25 75 14 54 66 34 26 77 79 81 40 70 49 57 81 81 27 32 62 77 21 77 36 63 47 71 55 27 30 65 44 13 74 16 75 28 41 30 62 38 6 50 52 17 81 9 53 17 1000000 6 14 8 20 25 17 11 65 81 61 56 22 51 56 11 13 66 28 26 53 80 10 60 5 49 23 74 85 46 6 61 49 59 66 42 79 23 42 61 74 13 46 55 22 25 52 6 39 15 11 78 65 73 33 13 26 28 17 28 8 35 29 58 53 25 79 36 27 40
75 71 75 73 36 13 22 36 35 41 11 17 24 74 63 41 31 76 31 84 72 21 53 15 68 76 50 70 25 6 58 45 66 16 71 66 55 48 10 26 55 17 11 81 60 30 69 34 11 13 40 41 51 49 34 23 69 67 74 14 55 19 63 13 48 56 9 5 47 25 53 77 35 8 55 34 16 84 50 7 48 39 1000000 48 33 36 58 29 17 34 70 77 76 84 29 10 59 30 74 81 81 67 25 74 84 17 55 59 71 64 77 12 35 30 27 46 15 31 46 50 15 67 26 61 22 54 6 56 22 27 29 32 47 47 75 72 65 33 32 78 85 70 31 56 68 53 72 16 70 51 73
60 8 10 47 69 12 47 30 33 79 85 51 83 13 62 47 66 72 15 69 10 15 31 27 20 44 83 75 34 68 49 24 84 66 38 64 65 13 65 33 80 54 37 36 31 8 43 19 37 67 15 74 8 77 62 36 55 59 31 19 8 12 51 68 79 14 81 84 70 48 33 12 29 49 85 22 62 81 50 28 24 39 15 1000000 81 29 68 51 65 12 82 29 83 60 10 56 70 17 67 41 43 32 13 79 12 17 26 45 20 37 17 30 25 33 60 15 17 69 59 36 5 35 47 55 85 69 40 12 71 65 19 75 11 18 5 48 65 57 42 64 79 19 35 77 21 7 73 73 67 36 48
73 66 83 49 42 54 32 56 14 47 70 23 53 21 77 52 22 38 26 29 29 78 30 44 31 68 28 45 58 30 35 29 21 35 78 28 17 40 41 7 28 76 35 54 70 45 64 26 31 43 82 22 48 8 35 6 60 52 48 35 54 23 22 50 43 59 59 19 42 29 13 50 35 52 54 40 17 44 56 44 63 41 73 82 1000000 75 35 24 26 72 79 65 39 30 38 52 51 25 8 7 63 61 20 67 60 51 62 55 27 13 85 53 7 10 8 13 13 52 78 11 70 62 76 25 8 54 75 77 54 51 72 37 55 16 38 48 11 23 73 85 57 21 28 48 81 12 16 52 29 34 53
61 38 57 47 77 36 18 55 28 46 16 55 6 55 40 46 42 30 23 68 35 23 26 28 79 46 32 38 17 60 85 45 12 47 13 7 9 41 8 21 19 10 81 58 12 53 84 43 42 9 30 11 29 41 72 23 46 19 80 55 24 7 35 60 71 54 48 85 48 71 35 44 28 61 81 66 80 73 44 63 41 55 31 45 36 1000000 7 38 10 14 69 62 81 83 11 41 80 9 61 33 81 34 8 5 49 81 60 62 23 32 56 69 18 34 68 6 23 28 59 83 24 77 64 16 25 17 71 64 7 24 22 68 50 33 11 61 54 22 8 60 49 47 70 58 67 25 77 5 85 72 64
47 75 38 62 52 81 38 85 69 33 55 39 12 52 39 68 51 83 67 14 65 72 34 60 63 39 6 68 78 57 32 77 38 82 82 31 28 59 7 57 82 24 65 21 47 77 9 32 21 71 80 43 33 84 45 7 73 80 17 53 78 9 12 48 82 37 17 20 26 55 58 34 15 10 78 55 63 55 72 49 61 29 63 57 55 52 1000000 29 38 30 56 29 12 59 66 77 17 34 47 50 60 37 60 42 77 70 35 38 65 78 41 85 73 51 17 17 6 22 41 59 53 74 70 76 13 18 6 24 65 16 69 36 6 46 64 38 6 19 79 14 31 76 28 23 50 58 85 80 82 24 58
59 65 82 30 85 36 6 59 22 32 33 66 39 83 9 30 25 32 5 48 5 76 78 34 38 14 31 33 31 35 40 49 41 15 6 72 16 74 65 24 6 72 84 19 83 75 81 66 30 34 45 77 14 26 36 25 51 11 24 7 77 11 12 20 53 62 23 74 35 72 29 32 11 33 82 11 85 23 57 74 76 50 11 75 82 64 75 1000000 37 25 16 31 77 9 59 13 12 28 7 44 10 48 54 32 68 80 85 35 16 74 15 22 18 83 69 15 6 28 13 63 62 36 74 52 8 37 23 10 58 13 79 28 69 84 33 39 61 48 12 82 19 25 74 60 77 30 7 61 15 73 49
61 69 49 67 16 66 38 12 16 45 9 62 19 23 58 21 13 23 43 84 65 43 64 22 39 11 72 34 64 70 65 60 63 35 78 58 72 13 63 8 42 64 10 50 55 58 61 85 55 29 35 52 50 48 51 9 42 51 26 57 50 53 75 74 56 11 12 67 15 32 53 54 81 61 83 76 78 31 36 44 51 12 39 68 65 67 28 66 1000000 31 80 41 81 17 42 39 14 81 58 81 79 17 83 56 81 19 14 43 8 36 74 74 69 20 83 54 51 17 77 81 24 66 23 60 84 56 61 57 63 10 73 54 84 56 32 68 62 10 20 15 49 53 51 21 65 32 84 14 57 64 70
73 58 51 78 77 55 12 6 73 8 32 39 67 47 82 47 78 79 22 13 21 61 44 80 8 41 68 50 30 22 25 45 64 80 7 35 72 67 26 67 85 74 56 67 84 59 64 35 20 56 28 16 51 50 15 7 16 64 39 30 85 38 82 83 69 5 65 62 42 70 41 65 6 40 30 13 28 13 83 82 80 79 7 25 84 52 58 79 14 1000000 34 23 59 23 40 35 23 43 10 47 84 40 47 55 32 29 60 78 46 29 39 37 67 36 82 77 30 29 16 17 62 15 81 7 16 44 25 82 44 56 69 37 31 21 48 84 64 66 24 16 73 55 70 9 66 31 66 45 44 24 70
30 49 32 5 13 69 25 50 25 46 72 85 48 44 64 16 46 16 52 83 6 40 80 21 65 9 75 67 22 85 57 5 8 67 30 46 41 43 79 11 37 53 39 59 73 57 7 46 5 31 48 73 59 11 61 70 28 78 52 47 76 13 85 78 74 37 27 25 53 47 79 59 10 85 21 60 10 81 49 36 58 13 40 76 44 57 47 21 13 35 1000000 83 45 27 83 37 78 37 48 51 22 14 16 42 44 34 45 23 50 78 83 74 46 43 78 81 53 69 36 12 42 47 76 22 5 32 12 56 69 45 25 47 51 45 39 65 48 71 13 78 83 80 45 55 48 53 32 38 83 33 6
6 65 81 64 39 47 79 75 39 74 29 55 76 60 68 79 17 77 22 9 27 49 74 50 32 71 59 78 38 73 49 69 27 35 48 40 52 9 20 14 55 43 52 79 20 71 44 58 55 41 70 58 54 18 66 29 59 77 82 61 23 43 56 62 45 62 39 27 73 50 5 56 71 79 82 66 76 20 38 28 12 48 7 52 26 76 23 10 40 67 10 1000000 47 30 20 54 67 83 54 11 24 33 84 58 36 10 27 54 77 9 30 34 75 73 48 77 76 26 82 63 42 69 76 47 23 75 41 48 85 57 19 35 74 36 39 81 82 85 79 5 43 29 76 37 58 14 58 43 7 40 73
73 24 13 58 6 81 45 63 52 81 71 8 45 20 81 71 32 20 27 25 25 16 46 56 11 27 51 70 47 55 55 20 66 42 47 75 80 52 74 71 54 70 27 29 23 69 63 22 48 55 49 29 24 71 25 50 28 68 58 62 49 81 49 33 49 33 63 41 24 34 5 79 80 38 76 73 65 39 18 77 81 42 67 36 81 76 22 11 60 66 47 12 1000000 81 77 57 16 15 22 50 66 43 56 28 58 37 56 53 50 31 39 10 44 11 25 83 77 38 20 5 53 56 70 17 37 84 78 12 69 40 47 8 37 8 5 27 47 7 84 54 60 19 62 71 23 37 61 57 56 85 68
63 69 32 26 8 27 63 22 70 73 6 69 48 44 19 69 7 26 46 64 24 39 81 78 22 22 22 24 49 9 17 31 41 84 79 6 23 17 63 16 9 61 41 26 19 47 37 31 8 27 55 84 19 35 6 29 7 78 63 80 5 54 44 39 14 29 36 79 22 59 58 72 81 23 28 46 49 16 21 45 62 70 37 72 83 57 81 68 59 64 72 82 59 1000000 20 28 84 66 34 59 55 11 69 26 68 10 19 76 48 80 30 38 50 45 38 66 7 53 19 14 9 9 23 13 50 18 19 71 69 14 79 46 72 48 74 78 19 33 46 16 22 79 24 9 41 85 79 29 52 72 50
11 68 85 51 28 26 27 41 83 40 13 22 83 58 22 38 70 46 12 7 47 12 53 23 50 84 23 84 38 70 65 24 74 78 21 43 55 70 10 18 34 38 8 22 11 50 28 5 60 7 33 66 84 29 59 6 77 26 81 79 72 84 83 58 21 48 36 64 53 74 10 84 25 29 13 35 33 47 16 80 80 85 26 28 7 59 19 12 81 22 42 25 49 70 1000000 62 18 75 71 30 48 65 11 84 30 79 76 75 17 9 60 16 62 76 49 57 73 24 6 53 34 16 48 72 35 62 45 25 63 84 72 29 40 67 49 33 35 30 61 32 40 52 34 8 6 26 57 40 31 29 63
24 17 30 55 64 43 27 48 25 37 20 10 47 16 32 8 10 79 11 26 10 82 76 56 67 48 17 66 27 32 63 40 63 42 39 32 35 27 80 54 42 47 74 10 22 44 82 8 67 71 24 44 26 79 54 71 70 78 73 29 21 59 8 40 26 76 37 43 9 21 12 19 27 72 43 17 17 38 31 64 38 72 32 83 69 11 31 75 81 32 14 34 81 52 46 1000000 21 70 58 67 78 44 26 77 71 71 70 83 40 75 54 70 40 20 40 62 54 8 52 84 29 73 39 7 42 61 40 38 50 6 46 75 70 25 65 14 5 22 29 56 48 35 42 27 46 71 16 42 31 70 52
70 17 31 5 81 7 80 62 85 43 30 84 52 75 28 82 52 30 69 58 53 44 38 25 73 40 26 16 83 16 66 66 63 42 69 73 58 15 22 19 35 29 62 36 58 19 62 11 20 50 13 31 68 60 29 24 33 44 77 52 67 21 11 14 79 23 31 47 25 55 8 55 31 53 51 77 61 78 13 81 26 66 73 61 32 30 82 68 17 70 68 12 58 32 39 78 1000000 12 81 8 42 52 16 54 63 54 6 12 41 29 58 76 76 58 77 18 50 81 66 18 43 82 53 34 43 18 55 78 38 45 5 47 69 30 24 31 5 42 41 49 5 32 78 65 59 41 9 53 59 72 65
67 70 12 5 35 41 28 45 9 64 74 35 74 50 46 46 72 9 60 33 64 32 76 12 15 9 37 73 8 16 43 52 21 62 58 28 74 27 55 64 60 55 16 21 71 22 74 85 31 65 25 65 83 16 11 63 31 70 23 77 26 10 58 6 5 62 75 33 52 77 32 36 29 14 73 39 13 16 62 9 24 49 25 48 10 75 31 14 66 76 38 36 59 18 53 53 33 1000000 46 41 13 18 61 31 73 66 64 73 42 32 19 58 64 11 40 36 61 71 26 11 41 38 60 49 27 83 44 16 61 55 8 48 6 80 29 73 47 62 27 19 22 49 56 37 78 18 25 29 13 24 13
65 43 30 71 8 78 42 5 79 7 79 9 17 9 69 83 50 59 68 33 25 77 74 12 39 23 38 45 41 49 65 72 22 69 20 25 61 44 85 66 30 73 24 6 47 45 10 63 77 37 25 34 35 10 65 35 65 52 61 64 60 20 23 68 83 46 15 36 56 31 11 82 6 33 58 16 44 25 30 16 11 51 23 27 34 5 42 62 66 44 84 82 60 31 65 56 83 58 1000000 25 81 34 17 14 55 22 45 34 26 58 13 56 47 7 14 15 43 71 5 58 36 29 84 78 53 47 64 20 21 35 67 45 15 25 69 70 6 83 59 62 37 70 39 63 27 20 5 50 66 65 49
32 84 38 22 57 28 27 80 14 48 82 34 26 80 85 11 5 27 28 41 11 58 12 21 79 71 20 73 19 31 72 69 69 52 21 26 47 37 85 40 6 24 75 43 47 31 63 27 40 78 25 44 31 37 76 30 78 31 70 49 61 8 81 62 23 12 75 57 82 49 72 80 9 35 56 36 56 12 14 63 32 24 69 18 73 31 56 44 75 48 43 62 48 58 63 28 8 12 12 1000000 11 16 24 15 29 21 49 72 66 70 60 67 53 67 44 51 44 30 20 14 51 55 52 16 5 11 14 59 8 25 44 8 8 7 69 37 63 79 42 50 22 45 16 73 60 52 9 22 55 30 64
31 51 22 9 33 69 62 37 64 66 54 57 72 11 44 51 54 41 28 39 20 69 13 21 28 17 36 54 27 7 21 79 22 61 44 65 14 21 68 11 65 41 5 11 71 17 74 31 14 20 65 48 11 62 50 46 81 19 11 71 16 28 55 47 19 52 63 17 84 42 33 25 36 43 66 20 74 26 62 30 67 29 50 22 56 28 24 70 85 36 80 70 28 37 50 31 16 6 7 55 1000000 78 10 23 47 84 48 70 24 28 83 36 29 22 73 36 10 19 26 51 45 9 24 22 73 55 25 54 63 60 9 49 60 21 17 12 64 60 6 31 80 77 73 61 41 10 75 59 62 10 79
62 58 81 20 9 63 51 71 56 81 44 43 17 6 77 77 50 26 67 8 65 29 69 30 28 38 72 50 41 59 56 60 39 15 51 79 12 37 40 16 5 53 84 47 6 83 9 48 17 55 31 43 61 61 74 81 17 75 63 65 52 44 17 73 11 45 80 83 10 25 38 83 44 39 73 23 9 52 45 82 10 14 7 83 51 48 11 21 41 64 32 85 69 58 45 30 45 27 67 24 5 1000000 7 65 82 75 21 37 40 63 81 45 49 71 58 37 37 77 72 47 62 50 8 54 65 8 80 70 12 34 79 34 14 46 49 20 42 5 75 20 18 7 53 72 7 12 79 84 30 51 84
19 35 38 75 44 32 29 28 56 74 73 31 68 13 65 8 6 42 34 31 42 69 85 65 6 55 9 81 81 53 18 44 37 5 51 7 83 82 83 16 38 34 69 72 56 34 72 8 74 10 32 37 57 82 12 74 60 49 49 14 50 8 84 38 43 30 75 84 85 5 31 15 14 57 14 31 62 28 72 44 13 50 45 77 39 22 47 40 69 33 49 51 14 39 47 10 73 74 54 47 54 66 1000000 45 65 36 71 64 56 51 37 70 77 62 7 79 61 30 59 78 59 17 21 8 8 35 76 82 73 21 48 61 51 73 31 25 80 18 24 46 26 61 21 22 43 40 45 35 18 52 36
52 49 82 19 37 85 28 58 29 36 13 44 81 13 58 54 66 38 32 54 80 28 81 38 20 14 7 24 17 70 61 67 29 60 21 27 56 36 56 76 68 27 81 82 50 69 59 35 79 46 62 47 8 14 34 16 20 68 24 83 82 39 74 43 46 10 72 48 71 62 49 18 39 40 61 47 62 67 29 16 62 30 34 50 49 18 43 28 39 48 40 74 21 82 69 27 78 27 35 54 71 73 42 1000000 73 76 58 51 53 36 20 18 66 70 66 74 16 75 55 12 48 10 45 25 45 28 67 69 28 17 50 42 16 42 38 59 78 76 81 34 70 50 31 46 66 43 31 31 37 70 59
7 22 28 81 6 21 66 34 24 48 18 48 66 19 27 51 35 84 47 85 5 78 63 10 18 31 47 17 44 66 55 68 10 60 65 82 80 33 12 21 54 63 68 7 11 24 70 10 71 82 79 85 69 72 20 53 55 20 56 61 15 79 69 35 63 69 10 75 12 54 50 11 7 49 25 73 77 35 16 31 49 38 13 56 47 29 19 35 77 34 31 56 34 15 76 45 35 59 55 32 52 56 77 23 1000000 52 12 76 31 28 11 21 26 20 61 63 15 39 46 22 47 54 15 85 75 50 44 7 62 73 13 41 14 30 20 23 45 44 64 26 42 69 81 45 33 59 47 28 76 78 62
59 67 73 72 6 51 17 17 35 80 73 83 12 25 7 12 66 74 64 60 70 69 55 74 39 25 10 70 43 19 38 36 71 69 70 9 24 79 38 43 58 81 68 40 81 37 40 61 66 78 18 11 7 6 78 41 74 11 61 50 21 50 77 13 74 60 84 48 52 15 41 71 37 71 28 22 11 76 42 79 21 15 40 78 81 50 42 66 8 85 20 60 18 27 38 64 6 71 26 12 68 35 50 7 73 1000000 33 33 25 54 67 74 80 60 63 15 27 50 84 37 72 61 17 55 35 81 76 11 49 8 27 6 20 11 49 41 38 16 12 10 14 61 69 47 70 54 22 42 74 15 50
80 17 79 45 54 78 84 38 12 49 5 73 64 68 61 24 28 13 49 79 15 41 30 49 68 43 12 37 55 64 60 18 44 6 83 22 47 33 47 21 68 37 71 13 67 12 40 31 13 9 79 23 29 41 14 32 6 83 28 68 38 83 42 74 5 10 26 24 79 26 76 31 84 70 28 6 6 9 47 84 44 68 77 48 72 10 64 84 40 62 84 22 72 62 54 11 78 9 25 6 51 7 80 34 65 47 1000000 12 25 64 34 29 9 39 52 42 22 47 56 43 24 18 43 80 43 39 71 43 68 85 16 58 16 11 26 5 39 7 75 20 27 70 23 85 25 83 16 65 81 63 48
81 18 17 39 11 25 52 54 25 84 47 6 14 84 58 6 85 67 61 40 59 35 25 83 51 79 30 83 36 5 28 10 74 50 38 28 46 61 54 59 47 36 49 55 81 16 15 17 65 34 46 67 70 45 29 5 14 13 80 36 63 37 60 30 80 60 5 79 35 81 71 32 77 32 71 74 5 83 61 38 52 76 32 22 9 81 42 81 73 21 64 79 48 59 16 12 35 33 69 20 50 31 40 32 34 34 34 1000000 6 20 52 12 49 69 20 46 38 70 20 74 76 47 12 12 42 43 41 37 13 57 41 29 49 53 64 52 44 72 19 77 77 37 76 38 27 13 30 60 21 68 26
44 20 15 34 50 37 44 78 75 56 9 48 22 46 41 48 84 61 63 31 83 61 60 25 52 25 19 66 61 73 46 56 33 35 6 83 57 73 75 69 61 71 16 36 59 36 68 24 25 79 34 20 18 32 44 74 75 8 44 65 19 8 72 56 37 53 57 73 65 38 61 50 23 47 40 10 49 19 61 79 11 59 32 6 35 35 62 5 49 57 70 43 43 70 84 18 24 49 31 5 16 53 30 33 8 54 50 23 1000000 29 17 27 29 7 80 50 52 59 78 34 10 8 18 28 12 47 76 61 17 33 42 57 58 80 74 12 39 62 55 17 66 56 25 53 74 69 20 47 77 33 56
14 38 27 51 57 60 7 59 19 75 54 53 46 11 73 8 22 11 70 13 16 22 65 74 72 25 6 58 26 51 6 14 26 12 38 76 45 53 66 58 75 44 81 44 26 39 62 48 30 84 69 54 13 60 11 11 5 20 74 22 35 7 17 18 48 5 57 16 18 28 15 55 30 48 27 14 12 84 33 23 66 44 13 56 55 70 65 29 41 79 28 65 10 32 45 79 31 77 24 54 78 30 29 48 32 46 60 44 50 1000000 30 82 55 69 40 83 43 17 59 76 22 18 48 61 83 63 21 31 30 54 10 78 27 78 20 68 75 43 26 10 35 75 13 6 58 24 34 43 84 6 46
71 47 59 82 28 51 14 9 16 9 43 24 57 16 56 75 43 15 59 13 53 64 11 39 46 34 71 65 11 13 8 11 16 85 37 33 57 22 85 54 5 59 35 31 53 67 15 58 64 7 32 39 45 76 9 17 73 9 59 68 71 64 23 57 83 39 27 24 19 38 9 21 14 56 20 77 58 71 71 72 35 17 35 47 32 59 55 54 32 68 6 61 70 81 43 82 34 7 70 68 12 26 56 43 10 22 15 9 82 7 1000000 14 83 81 63 32 22 9 12 68 82 21 61 78 7 5 31 62 44 6 34 73 22 61 55 50 18 83 15 38 82 34 83 24 25 23 50 62 29 47 49
73 20 70 17 10 82 65 22 78 18 30 78 36 28 76 42 44 51 79 59 57 84 13 35 21 43 43 31 78 79 34 56 60 45 23 5 79 71 10 41 82 33 39 63 9 40 71 38 55 8 83 58 45 78 71 52 35 62 71 7 78 20 61 68 73 80 71 10 45 43 9 51 72 61 29 60 23 17 18 10 9 48 81 50 14 19 10 70 47 76 34 78 56 69 57 26 81 83 25 8 47 78 67 12 33 56 76 42 29 19 73 1000000 54 19 15 13 11 70 10 12 69 77 8 65 71 24 71 51 6 63 31 59 38 55 51 36 52 26 54 28 65 23 68 69 21 66 62 83 83 60 7
81 42 59 84 32 20 76 11 31 26 22 6 32 28 33 13 50 9 11 19 56 32 29 75 43 23 59 27 36 10 58 56 65 29 67 64 74 26 83 20 83 69 30 14 45 77 62 60 19 21 75 20 44 42 6 5 35 78 5 55 53 29 53 50 27 33 57 13 85 31 73 70 74 71 20 29 78 40 43 25 61 54 54 29 47 85 29 47 77 39 13 78 10 33 8 41 32 39 70 52 32 55 24 53 83 23 82 34 71 20 29 22 1000000 6 46 56 72 71 56 69 54 31 16 82 64 66 17 27 34 67 56 62 78 43 49 58 8 19 31 67 42 25 46 66 66 82 42 28 47 78 68
65 26 16 54 26 54 37 65 56 46 66 70 27 64 32 10 52 58 72 15 20 45 35 18 63 27 70 17 81 60 24 68 23 8 61 30 21 64 38 83 46 6 40 78 62 37 37 75 48 50 13 55 62 20 19 8 24 68 45 53 60 78 6 83 52 28 9 74 53 22 43 13 55 62 74 11 66 7 83 48 23 79 10 12 76 45 50 45 85 57 57 12 84 52 16 70 28 38 36 58 20 73 73 62 56 51 62 51 23 5 65 14 82 1000000 25 71 83 66 11 59 82 73 84 6 37 45 23 57 35 75 17 79 9 24 36 20 61 82 41 16 34 65 78 33 67 32 18 50 36 76 55
84 36 75 15 26 30 67 66 80 32 35 74 11 85 75 23 53 52 68 85 66 41 60 39 15 80 8 17 77 68 11 46 81 62 38 83 59 25 25 62 42 50 66 10 78 54 12 74 58 50 63 85 7 10 31 21 37 41 80 55 65 66 22 19 56 20 70 78 83 54 64 82 79 72 71 70 19 43 21 83 12 27 34 69 19 51 68 49 85 47 47 42 47 9 77 74 10 45 39 51 20 56 23 34 67 5 71 33 22 68 63 73 22 48 1000000 27 70 20 83 61 45 33 41 50 64 73 61 52 29 51 52 83 43 6 8 78 12 28 55 75 73 69 38 7 83 45 66 49 29 82 48
71 68 71 77 68 27 74 81 14 64 15 18 82 26 47 8 58 12 47 44 77 71 71 73 50 81 22 63 46 23 13 68 44 39 24 69 78 49 80 5 26 47 48 63 11 82 75 80 22 82 33 79 77 41 30 40 52 19 78 46 72 70 46 83 9 81 35 85 14 41 38 74 48 38 13 32 39 27 56 68 74 22 65 23 63 82 6 25 72 58 61 60 68 43 67 12 28 60 34 73 20 17 75 58 75 63 64 25 11 35 12 55 25 58 69 1000000 58 45 53 72 36 34 26 16 13 48 18 23 45 38 85 17 75 85 8 32 53 59 58 82 56 34 61 52 21 8 29 19 57 73 17
34 44 25 76 8 66 41 80 53 43 78 61 47 76 15 15 45 26 28 79 31 49 47 50 30 40 8 51 19 51 37 31 24 74 45 55 66 43 80 10 47 73 10 58 51 23 59 83 64 65 54 43 27 23 47 8 50 82 45 79 30 76 38 64 66 81 61 64 83 26 59 12 17 7 75 17 67 41 45 83 41 35 33 51 70 46 11 59 20 53 72 11 59 85 42 31 33 28 32 62 23 26 63 18 56 63 37 42 52 17 82 22 10 25 80 43 1000000 58 30 26 18 35 74 24 6 83 15 37 39 55 26 60 73 6 57 51 46 7 18 12 48 46 45 41 78 63 13 82 66 57 76
5 80 61 71 84 12 68 71 10 36 9 24 63 81 8 72 66 55 69 58 35 79 33 61 30 63 22 6 35 6 58 83 12 79 11 29 8 45 25 32 34 21 76 37 82 50 76 31 38 70 44 24 72 36 49 50 62 49 79 82 38 79 21 80 83 27 19 37 58 56 77 69 50 42 26 81 46 58 33 58 55 75 14 85 49 47 85 57 51 34 75 75 14 83 33 76 82 23 67 17 64 78 60 38 9 65 60 13 77 69 79 72 65 56 83 31 19 1000000 38 44 66 38 13 21 73 54 79 52 58 84 37 42 22 57 65 82 22 59 12 45 79 34 53 72 84 73 75 64 73 68 5
82 42 41 39 25 33 10 73 18 57 14 58 50 8 26 64 58 24 29 7 27 70 37 64 44 33 57 9 83 13 24 20 6 30 22 42 65 51 61 24 58 14 64 75 58 7 52 48 33 34 33 34 53 10 16 57 45 22 23 51 32 30 14 53 57 58 45 38 33 85 37 85 5 47 54 28 84 31 39 14 72 7 44 66 14 44 68 34 56 53 51 12 10 75 36 64 51 42 83 78 80 60 85 40 8 72 33 46 13 56 55 41 72 63 60 68 14 67 1000000 67 42 27 13 59 5 33 84 29 20 70 40 53 15 70 24 5 63 19 24 82 53 62 24 39 74 13 21 8 49 78 55
9 55 33 8 36 32 75 39 39 16 35 35 17 9 53 41 55 69 27 18 78 68 11 67 7 36 80 67 73 12 80 55 81 61 78 20 13 37 41 22 66 61 61 53 8 71 82 22 36 26 28 74 29 56 75 72 16 84 9 38 72 52 41 32 40 32 13 79 31 9 35 56 40 57 23 38 14 43 20 45 73 70 15 5 57 69 70 51 22 6 84 49 60 59 52 22 62 12 17 82 57 25 51 80 18 70 71 28 23 76 8 67 13 68 11 48 41 69 65 1000000 11 5 7 9 81 16 61 37 8 9 16 25 11 38 32 13 40 40 40 52 36 11 40 72 76 41 32 39 58 6 14
37 49 29 23 12 77 82 36 75 34 64 78 41 32 30 79 69 8 31 78 68 16 85 35 84 16 19 5 74 71 52 15 36 48 16 58 14 69 74 18 58 71 32 69 43 81 21 29 7 68 36 59 46 29 78 44 81 16 18 24 18 16 82 19 42 73 11 71 81 41 10 70 56 12 76 43 12 61 37 63 27 46 80 85 41 7 75 58 74 55 14 46 14 13 29 59 29 28 15 19 11 80 27 36 47 15 85 14 60 57 9 68 58 65 65 84 22 31 75 83 1000000 27 76 26 21 49 22 51 52 83 41 52 77 51 43 84 37 28 71 18 37 81 64 44 70 30 42 64 73 9 62
32 65 80 56 68 52 22 57 49 11 12 30 42 5 65 77 19 29 59 17 74 24 5 47 77 16 60 62 28 75 49 84 49 22 59 8 8 79 28 18 16 26 77 77 22 39 52 5 23 52 42 72 23 66 73 61 65 47 62 82 85 78 48 72 50 51 83 61 60 7 67 17 41 15 36 49 6 15 67 8 40 84 32 24 35 64 68 14 85 50 17 21 16 78 85 59 63 72 24 61 82 10 56 18 11 43 74 17 23 5 66 26 40 22 40 32 41 51 64 50 56 1000000 15 11 68 84 19 63 9 8 13 20 43 51 62 47 27 81 16 67 48 36 27 37 34 29 15 22 13 6 16
72 29 14 70 44 6 56 21 66 43 18 24 24 71 71 15 79 81 61 47 74 26 43 8 9 69 60 6 70 62 17 11 34 31 20 9 49 74 18 20 30 76 77 57 16 51 19 9 36 76 54 76 8 13 73 56 10 25 84 35 49 55 82 70 78 57 42 76 79 69 42 36 50 74 13 35 54 12 67 20 79 43 11 56 63 9 8 45 13 8 71 64 56 41 64 62 53 11 8 58 76 17 79 23 33 64 37 78 12 57 74 72 15 50 75 46 52 40 26 68 69 12 1000000 32 71 21 32 21 6 57 75 76 73 68 30 35 52 12 61 71 46 69 6 64 83 26 67 58 52 73 77
45 55 50 71 33 79 70 29 45 29 18 8 6 56 32 68 53 62 27 36 25 45 63 77 15 37 31 63 41 23 82 55 84 79 17 76 15 36 46 45 14 39 60 66 65 16 51 25 5 44 71 26 24 27 31 74 36 7 81 65 26 28 34 37 6 17 22 7 77 8 69 76 48 9 82 7 56 77 12 41 61 14 27 58 20 19 83 67 27 61 34 79 71 19 6 76 19 47 8 82 64 54 32 47 21 81 35 65 26 65 7 33 24 14 13 36 64 44 73 30 78 23 82 1000000 19 50 33 47 79 11 28 22 15 33 74 9 64 34 31 54 5 71 21 59 11 70 58 76 41 5 33
23 11 84 19 33 79 61 78 24 65 78 56 14 22 71 82 15 54 50 84 30 48 31 39 68 26 5 40 71 41 7 53 35 70 28 66 34 25 24 78 38 26 37 10 67 73 42 51 69 23 23 11 58 42 19 32 81 22 41 82 18 75 83 29 78 39 80 47 77 28 40 51 23 23 51 66 71 76 75 61 35 32 44 43 82 24 55 84 52 80 33 31 32 25 34 16 53 36 20 22 24 16 56 70 7 33 33 80 27 32 36 38 11 83 57 58 85 6 31 34 55 16 21 63 1000000 13 58 12 5 34 74 30 43 55 8 25 34 35 39 37 36 48 54 70 53 52 30 43 73 58 51
46 30 17 31 83 33 43 82 73 85 26 29 38 83 6 31 16 50 39 72 14 18 53 37 77 17 49 64 54 8 50 42 20 46 19 58 16 18 43 14 65 41 72 53 85 41 85 84 31 24 13 26 85 41 45 65 79 49 28 5 45 12 63 58 13 41 49 55 79 54 14 30 25 75 65 20 67 32 22 12 28 73 59 38 19 60 78 29 82 22 63 17 17 38 15 7 78 32 63 55 66 73 80 83 14 19 42 41 52 48 46 11 61 69 63 33 14 27 31 23 40 83 73 17 57 1000000 24 17 28 59 17 22 71 56 17 10 79 38 75 53 30 9 61 37 66 85 16 61 61 29 54
54 64 59 33 69 32 61 41 50 21 84 50 56 47 33 70 46 44 23 21 73 20 24 13 76 26 22 45 61 83 22 27 83 11 54 30 77 79 44 57 9 80 82 22 11 56 13 64 24 28 14 76 47 28 38 29 8 7 29 41 15 26 68 22 53 35 35 23 45 11 14 67 54 20 70 66 41 83 44 15 58 58 43 64 19 46 29 72 47 20 12 54 44 65 40 73 19 12 12 20 34 36 9 37 65 75 32 28 66 29 41 30 45 25 10 12 7 52 84 34 17 31 77 52 55 39 1000000 27 68 41 29 11 55 67 82 14 11 64 55 45 14 62 25 25 83 39 72 16 15 8 50
21 8 41 66 76 48 23 9 80 32 36 46 19 25 64 42 24 28 25 6 44 53 67 67 22 27 12 72 48 56 58 38 82 20 22 53 72 6 84 36 63 16 50 17 19 56 46 69 56 9 81 74 69 7 7 55 8 45 22 43 53 58 77 70 43 17 42 84 44 16 34 16 84 79 22 47 80 22 80 35 44 78 26 56 85 16 34 32 62 25 25 29 19 27 35 46 12 81 46 23 42 21 69 76 35 48 31 43 59 45 59 66 8 43 23 83 13 21 59 48 15 29 36 49 39 8 45 1000000 19 51 65 18 13 73 73 63 51 65 18 26 77 22 65 31 25 82 60 58 19 72 37
77 17 85 51 75 44 30 27 48 30 29 39 73 9 61 52 34 41 43 26 6 66 36 16 46 21 78 78 35 25 31 54 68 73 55 50 82 45 66 68 8 10 14 42 65 49 55 15 7 34 18 80 17 45 76 8 49 6 52 74 12 30 13 49 80 47 25 58 50 54 40 71 31 51 83 52 50 18 35 83 60 40 48 17 34 58 8 74 64 50 44 40 75 67 47 27 44 41 33 19 68 84 83 36 10 30 45 71 5 7 57 10 70 14 6 85 10 41 71 14 33 12 37 66 63 24 81 58 1000000 59 61 68 79 12 19 6 75 43 43 9 79 55 76 69 14 83 28 22 67 71 60
57 73 10 70 65 16 5 6 82 9 23 62 47 21 29 17 18 43 40 10 39 39 50 30 77 49 53 18 57 29 18 48 14 13 76 20 7 73 22 75 8 80 58 80 60 19 78 77 23 29 13 47 45 60 43 22 45 29 40 15 36 61 34 25 35 12 73 31 51 46 70 10 9 55 20 16 28 7 56 26 6 47 15 85 61 19 7 54 42 11 78 72 75 27 31 28 51 53 58 44 26 67 27 16 10 37 15 16 77 80 39 22 11 32 19 82 55 30 29 63 5 54 85 32 11 74 44 12 22 1000000 22 27 23 59 22 70 11 73 69 35 40 54 62 17 24 31 8 82 70 38 74
57 46 33 37 63 41 69 22 30 34 77 79 84 49 65 55 33 36 11 64 65 33 67 69 6 50 83 68 9 15 6 50 12 77 31 8 38 43 65 18 8 59 28 16 81 46 24 56 65 18 83 35 65 7 53 39 14 5 49 14 37 85 51 19 38 9 29 76 24 78 77 62 70 80 36 60 85 31 20 12 11 28 77 75 81 53 35 58 80 72 74 34 57 45 81 42 31 82 5 68 34 5 25 82 14 79 42 29 72 21 83 52 79 6 76 82 50 83 81 7 16 78 71 6 41 47 47 42 34 9 1000000 44 42 74 54 42 14 70 52 38 41 32 66 41 70 6 56 29 16 52 81
60 50 55 23 42 6 71 71 55 48 15 47 31 49 20 22 62 20 74 47 19 72 24 36 65 44 68 64 85 28 69 82 6 18 11 53 34 65 15 5 38 14 15 85 50 71 45 76 16 84 54 6 82 52 16 30 62 48 56 35 17 59 29 54 21 78 81 24 56 74 56 77 55 32 36 21 40 42 25 55 7 34 76 36 32 47 18 35 78 58 29 59 22 53 15 79 63 72 80 59 35 34 61 49 83 73 75 13 35 41 23 65 70 28 78 48 7 30 62 22 70 69 52 63 27 46 85 19 26 29 35 1000000 16 22 72 50 48 46 79 58 42 22 57 23 26 41 83 43 78 72 55
6 85 58 30 9 64 58 28 58 5 65 73 18 27 46 5 51 55 67 43 15 52 50 29 21 74 17 40 30 55 53 11 13 47 46 48 61 54 40 46 67 55 35 35 71 22 15 23 83 75 5 34 40 84 6 44 20 30 73 60 44 61 26 79 51 36 66 48 6 56 57 9 12 37 8 57 49 27 66 46 65 77 50 35 67 58 7 5 38 33 78 70 32 58 34 31 47 46 62 24 46 81 49 9 78 39 84 42 51 43 33 31 81 63 56 80 23 28 60 45 9 25 24 16 63 30 32 70 59 29 16 14 1000000 75 85 9 57 85 13 24 72 42 69 81 49 17 40 41 7 18 54
33 60 27 51 48 31 21 60 38 39 24 45 78 27 17 71 10 77 85 43 7 35 84 80 47 28 19 33 49 76 8 11 9 6 15 35 14 60 48 17 81 64 46 43 44 35 14 60 24 63 28 29 60 7 70 20 59 26 55 26 29 6 30 55 18 49 57 11 13 76 74 65 84 71 54 5 46 62 29 39 12 40 45 24 15 28 28 13 49 73 83 78 57 60 9 27 54 58 60 46 32 61 43 23 42 49 11 59 52 26 72 37 76 54 25 11 43 35 5 30 61 47 59 31 30 85 28 35 79 66 71 36 10 1000000 5 33 10 46 54 59 51 22 70 64 14 59 48 23 6 51 70
18 76 45 77 42 14 25 35 67 48 13 31 83 29 25 58 44 59 11 45 64 5 10 66 50 56 79 76 85 34 17 80 37 45 63 11 22 69 36 18 46 20 47 15 63 32 23 27 24 74 64 17 76 82 25 26 67 33 83 19 85 17 76 19 28 32 49 83 62 16 48 62 79 85 80 36 33 5 80 50 34 84 54 47 50 14 15 57 18 43 79 83 65 82 19 42 17 29 73 39 54 66 81 62 84 27 54 65 63 58 53 30 72 50 54 27 68 39 65 77 54 47 6 47 10 82 69 78 67 72 10 50 36 62 1000000 20 60 81 13 64 76 84 26 57 54 67 10 47 11 11 85
61 9 81 33 13 40 78 80 9 38 84 37 41 70 67 13 7 44 81 35 70 43 52 69 69 44 25 75 71 84 69 57 8 5 74 65 15 52 12 44 31 82 47 75 60 84 55 12 81 58 43 64 69 51 33 55 25 16 9 55 40 51 38 16 61 53 8 45 85 62 13 54 46 6 8 6 46 25 25 70 22 38 59 34 39 64 38 59 18 60 49 71 27 28 10 54 64 8 75 46 38 79 45 70 50 83 67 76 51 80 67 5 5 13 27 36 61 58 11 43 67 6 74 24 83 19 58 6 51 64 54 11 82 79 17 1000000 36 35 49 16 38 52 74 62 40 72 52 53 53 38 5
36 50 31 46 71 9 37 69 45 45 27 24 25 33 65 33 31 65 35 40 39 26 76 13 52 22 22 40 36 66 21 31 11 56 75 37 84 63 69 21 10 20 19 49 46 48 74 41 69 45 68 33 77 10 33 57 28 51 13 27 66 17 37 47 27 49 49 40 38 15 27 60 6 45 64 69 6 60 11 53 80 13 40 83 22 12 30 65 70 6 57 83 66 15 53 61 57 43 61 45 37 56 75 67 14 43 71 45 58 51 28 48 39 27 65 66 75 33 9 38 85 54 71 47 84 82 58 47 82 28 79 74 10 63 14 29 1000000 58 71 85 14 47 18 27 52 20 24 78 9 39 60
61 19 21 64 38 12 69 11 45 76 48 24 83 63 40 73 22 73 24 59 61 20 69 26 81 70 40 71 44 50 66 27 83 28 57 71 26 19 77 52 51 60 76 11 7 42 27 65 77 69 33 81 81 68 51 70 80 60 84 68 45 64 32 47 77 56 72 35 60 63 62 33 74 11 23 16 54 85 73 47 72 16 7 52 61 9 38 59 76 41 7 56 71 38 52 11 18 6 21 78 50 61 53 67 20 80 62 74 73 46 54 49 69 65 21 66 71 48 77 68 31 25 60 66 69 28 16 68 12 45 60 57 55 40 26 56 21 1000000 74 28 9 79 63 45 20 38 7 39 22 43 43
85 50 46 13 83 35 18 78 26 19 81 62 37 44 53 80 68 59 26 35 56 13 64 40 51 75 26 29 48 64 50 42 31 27 25 60 40 48 50 19 80 10 81 44 50 50 39 33 61 19 72 85 56 79 59 52 63 9 11 52 52 27 63 33 61 6 49 63 78 46 54 55 68 34 71 32 39 85 18 72 79 78 73 25 73 8 52 29 74 69 14 78 27 60 25 68 81 22 56 17 15 70 25 68 63 47 10 17 56 48 56 17 53 12 69 64 66 25 24 19 8 44 18 72 12 44 66 46 78 7 10 32 34 35 83 60 53 71 1000000 71 8 57 27 70 61 14 40 85 58 64 30
7 7 16 28 73 26 70 9 76 9 20 71 72 77 23 9 47 63 25 67 71 42 58 29 32 58 32 13 13 68 38 81 76 42 37 58 23 54 42 77 36 23 58 38 63 42 26 8 9 33 22 20 7 85 66 79 83 29 68 84 21 81 36 53 47 67 30 11 22 65 36 12 35 32 34 53 69 27 64 10 12 53 65 12 46 33 15 25 50 66 14 46 83 46 33 5 58 15 63 78 15 68 84 8 37 13 84 83 32 78 46 34 25 12 44 38 10 28 51 42 62 65 22 34 9 62 71 10 70 83 36 83 48 22 14 15 69 55 17 1000000 62 35 30 48 56 73 76 40 47 80 41
53 54 13 42 77 67 41 31 48 70 41 55 45 52 6 17 80 78 70 28 74 18 61 77 13 40 69 42 26 48 30 19 45 30 83 14 37 74 55 55 33 10 32 18 12 85 13 71 25 77 78 81 55 28 48 35 17 72 53 74 45 42 29 6 9 66 12 12 58 8 60 72 41 59 7 14 30 58 33 64 78 12 8 59 81 6 31 50 33 64 46 32 57 69 63 70 68 70 8 38 36 24 18 13 26 80 53 28 67 19 60 7 61 52 73 48 10 26 59 13 72 85 69 71 11 66 62 38 25 6 15 20 15 77 50 26 61 13 60 50 1000000 42 21 50 71 58 43 53 52 74 9
8 62 34 28 44 56 85 28 57 65 12 17 78 20 11 50 77 75 43 33 30 21 26 54 32 81 14 73 60 33 17 18 47 42 55 54 12 80 83 42 44 62 71 55 28 39 20 36 5 57 17 74 57 43 58 35 28 34 49 75 41 67 59 14 85 19 21 74 68 41 58 74 29 44 23 11 77 84 44 14 30 78 70 41 52 17 29 18 72 64 63 24 72 79 26 51 79 32 25 64 47 36 41 9 14 31 12 28 33 33 35 55 29 44 19 60 6 36 63 27 10 39 84 64 41 36 84 37 43 22 17 16 13 41 33 19 9 29 84 49 78 1000000 73 27 37 38 44 18 26 36 69
25 57 70 38 41 53 15 12 6 9 41 40 65 70 37 11 23 58 25 6 65 65 47 81 54 33 24 18 57 42 39 34 59 66 9 62 6 51 15 33 59 19 28 35 44 34 64 31 52 48 72 71 64 54 59 28 13 35 71 85 37 39 60 17 46 41 55 55 57 34 69 44 59 63 62 31 32 34 65 47 63 66 32 30 79 72 13 5 44 73 70 18 16 14 69 41 70 50 23 51 32 79 44 11 22 29 35 77 36 35 67 42 34 58 47 25 76 34 33 75 57 55 15 9 33 12 62 54 49 8 26 16 85 7 76 66 61 16 17 33 13 14 1000000 14 78 34 26 8 17 10 9
31 80 47 24 39 50 51 64 57 47 69 23 13 11 34 73 12 50 32 50 80 64 47 5 13 10 62 29 56 49 34 18 41 20 52 60 21 80 39 28 76 81 14 8 26 55 7 21 36 17 65 55 31 52 25 65 52 52 33 59 46 26 26 74 42 23 72 49 15 20 70 75 14 75 36 25 74 69 23 16 36 56 47 18 64 73 45 32 63 53 6 85 12 44 43 76 8 82 9 39 26 29 83 59 62 39 81 21 42 79 40 36 71 61 20 68 38 69 37 77 37 76 20 31 5 22 29 82 40 54 54 65 70 79 33 76 81 55 54 47 61 85 18 1000000 56 25 17 34 48 67 46
84 75 15 62 59 54 8 38 66 36 59 54 14 12 45 49 59 35 14 10 36 44 79 32 77 28 70 74 63 28 68 42 57 9 53 66 74 50 5 30 57 26 51 14 49 63 49 71 30 68 62 66 43 64 80 35 64 40 8 74 25 32 82 64 13 7 25 50 72 11 24 15 65 84 6 60 11 26 37 80 72 46 49 42 52 31 44 13 37 29 39 53 21 46 74 66 20 34 49 10 33 6 20 5 58 74 13 65 41 23 78 65 85 83 25 44 82 82 24 55 81 66 19 63 29 36 42 44 45 69 42 37 40 64 40 9 9 16 55 62 8 44 53 40 1000000 77 81 73 31 76 5
23 70 10 54 46 35 27 77 28 81 21 29 6 10 79 74 8 54 29 52 46 18 21 21 79 14 7 20 9 24 54 79 50 23 11 48 35 6 76 33 10 68 84 46 48 73 22 46 42 82 24 74 60 30 68 81 60 38 15 19 47 10 12 38 30 36 83 66 16 22 56 12 63 39 66 57 6 39 24 66 41 41 48 12 54 30 58 68 45 43 41 75 48 34 38 83 54 5 43 10 8 24 73 66 12 20 21 31 43 76 72 8 47 39 10 68 82 61 29 55 69 45 31 25 81 28 36 16 9 75 75 18 11 73 12 49 7 83 71 69 42 59 17 63 80 1000000 43 48 40 81 81
44 81 17 26 81 77 54 53 9 65 72 21 29 35 31 30 55 36 11 77 48 49 8 19 7 35 65 85 74 57 48 41 20 7 23 77 13 67 75 5 15 82 73 68 37 27 40 32 25 9 31 79 29 50 66 26 80 22 81 20 44 8 69 58 7 80 29 69 46 28 52 47 80 35 31 62 81 69 35 81 80 82 50 51 64 66 68 71 10 75 33 78 45 53 43 68 49 77 12 48 58 23 77 82 64 8 51 12 6 72 28 30 83 11 54 33 13 36 28 73 43 10 15 61 33 25 12 52 54 61 66 17 64 20 9 53 10 35 81 58 25 68 46 60 56 9 1000000 32 66 55 58
78 68 36 67 22 61 24 54 19 29 73 29 42 19 5 78 27 57 74 64 49 57 37 21 44 76 20 81 13 21 60 34 29 14 28 18 20 51 5 82 61 70 65 19 54 85 29 24 85 67 15 12 34 75 37 66 24 16 9 47 48 43 63 25 52 47 50 65 15 8 46 71 76 6 27 58 24 65 57 51 49 9 52 70 32 44 78 46 5 66 6 76 16 44 10 80 5 85 42 34 80 9 22 14 26 44 13 25 27 66 36 27 12 30 22 75 61 13 28 31 22 55 64 31 10 81 58 33 81 37 36 52 29 9 24 46 28 70 12 73 48 6 75 24 37 26 66 1000000 48 76 45
36 80 30 59 79 14 39 41 77 78 57 80 8 42 40 57 78 53 73 54 46 82 80 17 38 16 44 69 10 55 15 73 31 44 46 28 10 47 12 29 64 58 10 10 62 19 73 73 74 39 42 65 46 46 47 82 84 59 80 37 61 7 67 57 16 53 23 77 49 49 34 28 57 34 68 67 14 69 28 82 59 57 7 19 28 83 31 18 18 36 23 71 6 28 47 82 72 25 85 82 62 52 13 63 24 16 8 19 55 16 35 21 7 30 67 29 19 42 41 24 82 20 58 27 7 8 67 34 26 49 58 40 59 27 22 35 70 61 26 54 21 31 18 13 31 58 47 35 1000000 50 11
27 63 48 26 21 53 37 68 72 48 30 64 41 75 13 82 32 39 24 44 54 69 51 78 23 54 37 14 58 37 29 35 52 44 79 72 38 8 36 41 53 37 53 72 51 35 46 36 79 81 51 42 60 68 61 14 22 50 33 27 31 42 85 72 45 21 43 29 38 26 17 77 84 12 6 85 70 58 52 15 15 85 10 37 61 58 61 84 50 40 81 28 24 11 12 7 66 74 50 9 28 48 5 77 73 21 40 43 81 26 11 39 23 79 46 12 60 57 76 8 8 44 75 13 31 18 10 78 55 19 9 8 7 44 64 75 51 7 16 11 34 35 62 52 29 21 16 63 59 1000000 41
14 69 50 61 69 16 26 49 34 32 34 22 24 11 11 72 9 25 61 55 27 18 50 33 63 72 63 38 22 11 34 54 11 78 27 85 59 26 79 77 45 22 63 5 55 49 6 26 50 22 29 35 43 27 15 34 13 81 21 79 14 49 78 50 72 22 78 46 27 32 49 20 74 8 71 31 23 8 34 49 45 28 47 29 28 46 21 47 55 32 14 57 25 62 84 43 69 55 85 77 31 85 73 83 65 65 58 33 20 51 23 34 82 36 77 29 77 13 37 57 37 5 28 16 37 79 45 34 60 60 44 20 37 51 51 19 50 69 68 59 40 16 14 82 7 58 23 63 13 67 1000000
