150 75 105 250 8
2 3 2 2 2 1 2 2 1 4 1 2 2 4 2 1 3 2 1 3 1 2 1 1 2 1 1 1 1 4 2 2 2 4 1 3 1 1 3 3 1 2 2 1 1 3 3 3 3 2 2 1 1 1 2 2 1 1 4 1 1 1 3 4 3 2 3 1 1 4 2 1 2 3 3 
2 2 1 1 2 1 1 1 1 2 1 2 1 1 2 1 2 1 1 2 1 2 1 1 2 1 1 1 1 1 2 2 1 2 1 1 1 1 2 1 1 2 1 1 1 2 2 2 1 1 2 1 1 1 2 2 1 1 2 1 1 1 1 3 3 1 2 1 1 4 1 1 1 1 1 
30 30 29 29 28 28 28 28 27 27 26 26 25 25 25 25 24 24 24 24 23 23 23 22 21 21 21 21 21 21 20 20 19 18 18 17 17 17 17 17 17 17 16 15 14 14 14 13 13 12 11 11 11 11 10 10 10 10 10 10 9 9 9 9 9 8 8 8 8 7 7 7 6 6 5 
1000000 42 61 108 52 66 72 13 82 105 20 25 37 96 54 61 98 61 83 54 102 92 102 85 51 95 69 70 79 81 8 74 70 61 69 26 117 52 26 47 70 29 72 74 74 94 75 93 35 30 74 69 88 74 2 90 90 16 112 78 94 93 90 79 54 34 32 78 123 25 25 95 94 76 52 27 10 61 19 58 13 69 120 99 97 31 70 47 63 100 102 59 83 76 99 94 69 49 29 33 30 45 104 69 60 101 65 90 49 66 80 87 33 84 32 66 55 95 95 57 103 46 117 44 56 39 75 62 42 31 61 85 70 75 57 56 57 71 61 97 85 59 71 74 77 51 45 73 49 69 66
42 1000000 28 79 13 44 66 31 59 68 26 22 9 72 14 59 58 43 53 38 68 73 80 58 53 66 40 64 48 57 35 33 65 19 34 24 84 33 39 9 48 16 32 46 67 56 53 54 15 52 39 71 52 35 40 53 48 30 79 35 84 83 80 82 66 41 13 48 87 25 26 70 85 36 29 17 33 20 34 19 39 58 83 88 62 18 40 38 39 81 77 69 41 69 73 84 31 29 28 11 36 2 74 58 18 61 34 74 20 37 65 87 19 42 11 48 25 57 59 60 75 17 81 28 26 6 74 64 1 33 67 68 30 36 15 27 27 67 22 68 59 25 72 40 54 10 55 74 25 31 52
61 28 1000000 52 15 22 49 54 33 44 41 37 27 45 32 46 39 24 26 23 41 48 54 31 45 39 13 48 20 31 53 21 49 24 7 36 57 20 46 34 24 42 40 19 49 33 28 33 27 57 13 58 27 44 59 28 37 46 52 32 63 61 59 69 61 43 31 21 62 37 37 42 63 44 15 35 54 29 46 13 53 40 59 65 36 31 13 30 16 55 50 61 34 51 45 62 44 18 35 37 40 26 46 39 20 41 6 50 12 10 42 70 28 35 36 28 7 34 34 50 48 43 56 22 49 26 58 53 27 37 57 44 17 17 20 50 6 51 36 41 32 3 58 13 29 29 52 60 15 44 33
108 79 52 1000000 66 42 54 103 26 29 88 84 77 15 81 61 45 47 26 54 18 26 18 23 68 13 40 55 32 27 100 57 55 71 45 82 18 56 86 85 38 93 83 34 51 36 33 42 76 92 41 66 32 85 106 35 60 92 16 68 46 45 44 70 81 79 81 31 30 83 82 13 47 85 56 85 103 76 89 63 96 47 30 44 26 79 40 63 45 26 12 78 66 52 9 45 88 59 79 88 79 77 6 47 67 46 46 33 61 43 37 64 76 66 87 44 55 34 28 68 5 95 30 64 98 77 61 67 79 78 72 32 57 51 70 99 53 57 83 11 22 55 64 41 32 79 78 64 60 89 46
52 13 15 66 1000000 34 59 43 47 55 34 29 16 60 18 53 46 34 40 31 54 62 68 46 50 53 28 57 35 45 44 22 58 14 21 29 71 26 43 19 37 29 31 34 59 43 42 42 19 55 26 66 39 34 50 39 39 38 65 28 75 74 71 77 65 42 20 35 74 30 31 57 76 35 21 25 44 18 40 6 46 50 70 78 48 23 27 34 28 69 65 66 33 62 60 74 33 22 31 23 38 11 61 50 11 49 21 64 12 24 55 80 22 34 23 39 14 44 46 56 62 29 68 24 35 14 67 60 13 35 63 58 18 23 8 36 15 60 24 55 47 12 67 26 43 14 54 68 18 33 44
66 44 22 42 34 1000000 28 62 17 48 46 43 39 31 52 27 51 5 21 12 40 29 38 19 30 31 12 27 20 16 58 41 28 46 22 41 54 14 44 53 4 55 62 12 27 42 10 45 37 51 23 38 33 66 64 36 55 50 50 53 41 40 37 48 46 37 42 17 63 42 41 30 42 66 16 45 61 50 47 34 54 18 60 44 39 38 13 21 6 37 36 45 55 30 34 40 65 18 37 51 37 43 39 18 41 53 16 30 24 13 21 49 35 56 49 6 20 41 38 33 37 62 59 22 69 41 37 35 44 35 40 24 38 36 41 70 19 30 57 32 20 24 38 24 11 48 40 39 20 66 12
72 66 49 54 59 28 1000000 73 32 71 57 56 59 39 77 11 78 26 45 28 61 29 40 38 21 48 40 2 46 32 66 69 2 72 50 53 71 33 46 75 29 72 89 38 4 68 28 71 54 46 51 12 59 93 71 63 83 59 67 81 23 21 19 20 28 38 59 42 82 53 51 42 22 93 39 60 71 77 54 61 59 10 80 27 62 53 41 29 34 34 43 25 83 4 45 22 92 38 47 69 42 66 54 11 68 80 45 23 47 42 17 21 51 84 67 22 45 67 62 16 49 83 79 39 92 61 9 14 66 42 18 22 66 64 67 93 45 3 83 49 38 51 11 52 29 72 30 12 42 92 16
13 31 54 103 43 62 73 1000000 79 97 16 19 28 93 43 63 89 58 77 51 95 90 99 80 53 90 63 71 73 77 10 64 71 50 61 22 111 48 29 35 66 17 60 68 75 86 72 84 27 37 67 72 80 62 11 82 80 14 106 66 95 93 91 83 60 36 23 72 116 21 22 91 94 64 47 19 3 50 20 49 18 69 112 99 90 24 64 45 58 98 98 64 72 77 95 94 57 45 27 21 31 34 98 69 50 92 58 89 42 60 79 90 27 73 21 63 49 87 87 60 98 33 110 39 43 29 77 65 31 31 65 84 60 66 46 44 50 72 49 92 81 51 74 67 73 39 49 76 43 57 65
82 59 33 26 47 17 32 79 1000000 39 63 60 55 14 64 36 48 21 14 28 29 16 22 6 42 17 19 32 18 2 75 47 32 56 28 57 40 31 60 66 12 70 71 13 29 37 7 42 53 66 27 44 29 74 81 33 57 67 36 59 34 33 31 51 57 53 58 14 50 58 57 13 35 74 32 61 78 61 64 45 71 23 48 35 30 55 20 37 21 23 19 55 59 31 17 34 75 34 53 66 53 57 24 23 52 49 26 20 39 23 16 48 52 60 65 18 33 36 30 43 21 76 47 39 81 56 41 43 58 52 48 15 45 40 53 83 32 35 68 18 6 36 43 27 6 61 53 43 36 76 21
105 68 44 29 55 48 71 97 39 1000000 85 81 70 38 65 74 17 53 27 58 12 49 45 33 78 25 39 71 29 39 97 38 71 55 36 79 20 57 88 71 45 84 61 36 68 12 44 17 71 98 31 83 17 63 103 16 34 90 16 46 70 69 68 90 94 83 74 32 19 81 81 33 72 62 55 79 98 58 89 50 96 62 15 70 9 75 38 67 47 52 38 92 42 70 32 70 67 58 78 79 81 66 24 61 52 17 41 56 56 41 55 87 72 42 78 53 50 11 11 81 30 80 13 64 81 68 80 81 68 79 86 52 40 33 55 82 48 74 64 25 34 46 82 31 42 65 88 83 57 68 58
20 26 41 88 34 46 57 16 63 85 1000000 5 18 77 40 47 79 43 63 35 81 74 84 65 38 76 49 55 59 62 12 56 55 44 49 6 97 33 16 33 51 19 58 54 59 74 56 74 15 27 54 57 68 61 18 70 72 5 92 61 79 77 75 68 47 21 14 58 103 5 6 76 78 62 32 10 15 46 8 40 13 53 100 83 77 11 49 29 43 82 83 50 65 61 80 78 57 29 11 20 16 28 84 53 43 82 45 72 29 46 63 75 13 67 18 47 35 75 75 45 83 36 97 24 47 22 62 50 26 15 50 68 52 56 39 48 37 57 48 77 66 40 59 54 58 36 35 61 29 57 48
25 22 37 84 29 43 56 19 60 81 5 1000000 14 74 36 46 74 40 59 33 77 71 81 61 38 72 45 54 55 58 16 51 54 40 44 3 93 29 18 30 47 17 54 50 57 70 53 69 10 30 50 57 64 57 22 65 68 9 88 56 77 75 73 68 48 22 10 54 99 3 5 73 77 58 28 6 18 41 12 35 18 51 95 81 73 6 45 27 40 79 79 51 61 59 76 76 53 26 9 17 16 24 80 51 38 77 40 70 25 42 60 75 9 62 15 45 31 70 70 45 79 34 93 21 44 17 61 50 22 15 51 65 47 51 34 45 33 56 44 74 62 35 59 50 54 32 36 61 25 53 46
37 9 27 77 16 39 59 28 55 70 18 14 1000000 69 23 51 62 38 51 32 68 68 77 55 44 64 37 57 46 54 29 37 57 26 34 15 84 27 31 18 43 16 41 43 60 58 49 57 6 43 39 63 53 43 35 54 54 23 79 42 78 76 74 74 57 32 5 46 89 16 18 67 78 45 23 10 28 28 25 22 31 52 85 82 62 10 38 30 35 76 74 60 47 62 70 77 40 23 19 11 27 10 73 51 24 64 32 69 16 34 59 79 10 48 10 43 22 59 60 52 73 25 82 20 34 4 66 56 8 24 58 63 34 39 21 36 24 59 30 66 56 24 64 40 50 18 46 66 19 40 46
96 72 45 15 60 31 39 93 14 38 77 74 69 1000000 77 46 51 35 22 42 26 12 9 14 54 13 32 40 27 16 89 56 40 68 40 71 32 45 73 79 27 85 81 26 36 40 21 46 67 79 37 52 34 84 95 37 63 81 29 68 33 32 31 56 67 66 72 25 44 73 72 5 34 84 46 75 92 72 78 58 85 33 43 32 31 69 32 50 35 14 5 64 68 37 7 32 86 48 68 80 67 71 16 33 64 52 39 19 53 36 22 50 66 68 79 31 47 38 32 54 10 89 43 53 94 70 47 52 72 66 57 17 55 49 65 95 46 42 80 13 13 48 49 37 20 74 64 50 50 87 33
54 14 32 81 18 52 77 43 64 65 40 36 23 77 1000000 71 53 53 56 49 68 80 85 62 66 69 45 75 50 63 48 27 76 11 37 38 83 44 54 8 55 26 18 51 77 53 60 50 29 66 41 83 51 21 52 51 39 44 78 25 93 92 89 94 80 55 27 52 84 39 40 73 94 22 39 31 44 8 48 19 53 68 80 96 60 33 45 50 46 87 81 82 30 80 76 93 17 40 42 22 50 13 76 68 14 55 38 82 30 42 73 98 33 31 23 57 33 55 58 73 78 15 78 40 17 20 85 76 15 47 79 76 25 32 12 18 33 78 8 71 64 29 84 41 61 5 68 86 35 17 62
61 59 46 61 53 27 11 63 36 74 47 46 51 46 71 1000000 78 23 46 23 64 37 48 41 10 53 39 9 46 36 55 66 9 67 48 43 76 27 36 68 29 63 84 38 13 68 30 72 46 36 50 13 60 87 60 63 82 48 72 77 33 32 30 24 21 28 50 43 86 43 42 48 33 88 33 51 61 71 43 56 48 13 84 38 65 44 40 21 31 43 51 19 80 15 51 33 86 31 37 60 32 58 59 14 63 80 42 32 41 39 24 29 42 81 58 22 41 68 64 8 55 75 83 31 84 53 15 8 58 32 13 30 63 62 61 86 41 10 77 54 41 47 13 51 32 66 20 15 35 87 16
98 58 39 45 46 51 78 89 48 17 79 74 62 51 53 78 1000000 56 34 59 27 61 59 42 80 38 40 77 32 47 90 26 78 42 33 74 37 57 85 59 49 74 45 40 76 11 50 7 64 96 29 89 19 47 96 15 17 84 33 30 81 80 78 98 97 81 67 36 34 75 76 46 83 46 53 72 90 45 84 40 91 68 30 82 20 69 38 67 48 65 52 96 26 78 46 81 51 56 74 69 79 56 40 67 40 2 39 67 51 40 64 96 66 26 69 57 46 13 19 84 45 67 27 61 67 60 87 86 58 76 91 62 29 23 44 67 44 80 50 39 43 40 88 28 49 53 89 89 54 52 62
61 43 24 47 34 5 26 58 21 53 43 40 38 35 53 23 56 1000000 26 7 46 32 41 25 25 36 16 24 25 20 54 44 25 47 25 37 60 11 39 52 10 52 64 17 25 47 14 49 34 46 28 35 38 67 60 41 59 46 55 55 41 39 37 45 41 32 39 22 68 38 37 34 41 68 15 42 58 51 43 36 50 16 66 44 44 35 18 16 9 40 40 40 58 27 38 40 67 15 32 49 32 42 44 16 43 58 19 31 23 17 22 46 32 59 47 5 20 46 43 29 42 61 64 19 68 39 34 30 43 31 35 26 41 39 42 70 20 27 58 38 25 26 34 28 16 48 34 36 18 67 10
83 53 26 26 40 21 45 77 14 27 63 59 51 22 56 46 34 26 1000000 32 19 29 30 9 51 13 15 44 6 13 75 35 45 46 19 57 34 32 63 59 17 67 60 10 42 23 17 28 50 72 15 56 15 63 81 19 43 67 29 46 48 47 45 64 67 57 55 6 42 59 58 18 49 63 31 59 77 51 65 37 73 35 39 49 18 54 14 41 21 34 26 65 46 44 20 47 64 34 55 62 57 51 21 34 42 36 20 34 36 18 30 62 51 47 61 25 29 22 17 53 22 69 37 40 73 51 54 54 53 55 59 28 34 28 44 74 27 47 58 15 10 29 55 16 16 53 61 56 35 65 30
54 38 23 54 31 12 28 51 28 58 35 33 32 42 49 23 59 7 32 1000000 51 39 48 31 22 43 20 27 30 27 46 44 27 44 27 30 66 5 32 47 16 46 62 22 29 51 21 53 28 39 30 35 43 65 53 45 60 39 61 55 46 45 42 46 38 25 33 27 74 31 29 42 47 66 10 35 50 49 35 33 42 20 71 50 49 28 21 9 12 47 48 38 58 31 45 46 64 9 25 42 25 38 51 20 40 61 21 38 19 19 28 49 25 59 40 12 18 50 48 27 49 56 70 12 64 34 36 29 38 23 34 33 41 40 39 65 18 29 55 44 32 25 36 31 23 44 30 37 13 64 14
102 68 41 18 54 40 61 95 29 12 81 77 68 26 68 64 27 46 19 51 1000000 37 33 23 69 13 33 61 22 28 93 42 61 57 34 75 16 51 82 72 36 83 66 29 58 18 34 24 68 91 29 73 16 69 100 18 43 86 11 51 58 57 56 79 85 76 72 24 23 77 76 21 60 68 50 76 95 61 84 50 92 52 20 58 8 71 32 60 40 40 26 83 49 59 20 58 72 53 73 78 76 66 12 51 54 28 37 44 53 36 44 75 68 49 77 44 46 16 10 71 18 82 19 59 84 67 69 71 68 74 77 41 43 36 56 85 45 63 68 13 23 44 71 28 32 66 80 72 53 73 48
92 73 48 26 62 29 29 90 16 49 74 71 68 12 80 37 61 32 29 39 37 1000000 12 20 46 24 34 30 33 17 85 62 30 71 44 68 44 42 68 81 25 84 87 29 25 50 20 55 65 71 42 41 43 90 91 46 72 77 41 74 21 20 19 44 57 60 70 30 56 69 68 16 22 90 45 73 89 76 73 61 79 24 55 21 42 67 35 45 34 8 15 53 75 26 19 20 91 46 64 79 62 72 28 24 67 62 41 7 53 38 13 38 64 75 78 27 48 48 42 44 22 90 55 50 96 69 35 42 72 61 47 7 61 56 68 98 47 31 83 24 19 51 38 43 19 76 56 38 49 92 26
102 80 54 18 68 38 40 99 22 45 84 81 77 9 85 48 59 41 30 48 33 12 1000000 23 57 21 40 41 36 23 95 65 42 76 49 78 36 51 78 87 34 92 90 34 37 48 28 54 74 83 46 52 42 93 101 46 72 87 34 77 28 28 27 54 69 71 79 34 48 79 78 13 30 93 54 82 99 81 83 66 90 36 47 27 39 76 41 56 42 8 6 65 76 37 13 28 95 55 74 88 73 79 21 36 72 60 47 18 61 44 24 48 73 76 86 37 55 46 40 56 15 97 48 60 102 77 46 54 80 71 59 19 64 58 74 104 54 43 88 20 22 57 49 46 27 82 68 49 58 96 37
85 58 31 23 46 19 38 80 6 33 65 61 55 14 62 41 42 25 9 31 23 20 23 1000000 47 12 18 38 13 6 77 43 38 53 26 59 36 33 63 65 15 71 68 12 35 31 12 36 53 70 23 50 23 71 83 27 52 69 31 55 40 39 36 57 62 56 58 11 45 60 59 12 41 71 33 62 80 58 66 43 73 29 43 40 24 56 18 40 22 26 19 60 55 37 15 39 72 36 56 66 56 56 20 28 49 43 25 25 39 22 22 54 53 55 65 22 33 30 24 49 18 74 42 41 79 56 47 49 58 55 54 20 41 36 51 81 32 41 65 13 1 34 49 23 10 59 58 49 37 73 26
51 53 45 68 50 30 21 53 42 78 38 38 44 54 66 10 80 25 51 22 69 46 57 47 1000000 59 40 19 50 42 46 65 19 63 48 35 83 25 26 62 33 55 81 42 23 71 36 74 39 26 51 19 63 84 50 66 82 39 78 76 43 42 40 30 17 18 43 47 92 35 33 55 43 85 30 43 52 67 34 53 38 21 90 48 69 37 42 16 33 52 59 17 79 25 59 43 82 28 29 53 23 53 66 22 60 82 42 41 38 40 33 37 35 80 51 26 39 71 67 7 63 69 88 26 78 47 24 12 52 23 14 39 62 62 58 80 39 20 72 60 47 46 21 52 37 61 11 23 32 82 22
95 66 39 13 53 31 48 90 17 25 76 72 64 13 69 53 38 36 13 43 13 24 21 12 59 1000000 27 48 19 17 87 46 49 59 32 70 24 44 74 72 27 80 71 22 45 27 23 33 63 82 28 60 21 74 94 24 51 80 19 57 45 45 43 66 73 68 68 18 34 71 70 9 47 73 44 72 90 63 77 50 85 40 32 45 18 66 27 52 32 28 15 71 56 47 9 45 76 46 67 75 68 64 8 39 55 39 33 31 49 30 31 62 63 56 74 33 42 25 19 60 9 82 31 52 85 64 56 60 66 66 65 28 45 39 57 87 40 51 70 2 11 42 59 28 21 66 69 59 47 77 37
69 40 13 40 28 12 40 63 19 39 49 45 37 32 45 39 40 16 15 20 33 34 40 18 40 27 1000000 39 11 18 61 30 39 37 10 43 49 19 50 47 11 53 53 6 38 31 15 33 36 59 12 50 23 56 67 26 44 53 43 42 50 49 46 60 57 44 41 9 56 44 44 30 51 56 17 45 63 42 51 26 59 30 52 52 30 39 2 28 8 42 37 56 44 41 33 50 57 20 40 48 43 38 35 29 33 42 7 37 21 4 30 60 36 44 47 17 15 31 28 45 35 57 50 26 62 38 49 46 40 41 51 31 27 24 34 63 14 42 49 29 19 16 50 12 16 42 49 51 20 57 24
70 64 48 55 57 27 2 71 32 71 55 54 57 40 75 9 77 24 44 27 61 30 41 38 19 48 39 1000000 45 32 64 68 0 71 49 50 71 31 44 73 28 70 88 37 5 67 28 71 52 44 50 12 59 91 69 62 82 56 68 80 25 23 21 21 27 36 57 42 82 51 49 42 24 92 37 58 69 75 51 59 57 10 80 29 62 51 40 27 32 35 44 24 82 6 46 24 90 36 45 67 40 64 54 10 66 79 43 24 46 40 18 23 49 83 65 21 44 66 61 15 50 82 79 37 90 59 10 12 64 40 17 23 65 63 66 91 44 3 81 49 38 50 11 51 29 71 28 12 40 91 15
79 48 20 32 35 20 46 73 18 29 59 55 46 27 50 46 32 25 6 30 22 33 36 13 50 19 11 45 1000000 16 71 30 46 41 14 53 38 29 60 54 17 62 54 8 44 22 18 26 46 69 10 57 14 57 77 17 39 63 33 41 52 50 48 66 66 55 50 4 45 54 54 23 53 57 27 54 73 45 62 31 69 36 42 53 20 49 10 39 18 39 31 65 42 46 25 51 59 30 51 57 53 46 26 35 37 34 15 38 31 13 32 64 46 42 56 25 24 21 18 53 28 63 40 36 67 46 55 54 47 51 59 32 28 23 39 69 22 48 53 21 14 23 56 10 17 48 59 57 30 60 31
81 57 31 27 45 16 32 77 2 39 62 58 54 16 63 36 47 20 13 27 28 17 23 6 42 17 18 32 16 1000000 73 45 33 54 27 56 41 29 59 65 11 69 69 12 30 36 6 41 51 65 25 44 28 72 80 32 56 65 36 57 35 34 32 52 57 52 56 13 51 57 56 14 36 73 31 59 77 59 63 44 70 23 48 37 30 53 18 36 19 24 21 54 58 32 18 35 74 33 52 65 52 56 24 23 50 48 25 21 38 21 17 49 50 58 63 17 32 35 30 43 22 74 47 38 80 54 41 43 57 51 48 16 43 39 51 81 30 35 66 18 6 34 43 25 5 59 52 44 35 74 20
8 35 53 100 44 58 66 10 75 97 12 16 29 89 48 55 90 54 75 46 93 85 95 77 46 87 61 64 71 73 1000000 66 64 54 60 18 109 44 20 40 62 23 66 66 68 86 67 85 27 28 66 64 80 68 6 81 83 8 104 70 88 86 84 74 51 28 24 70 115 17 17 88 87 70 44 19 7 54 12 51 9 63 112 92 89 22 61 39 55 92 94 55 75 69 91 87 63 41 21 26 24 37 96 63 53 93 56 83 41 58 73 82 25 76 25 58 47 87 87 52 95 41 109 36 51 32 69 56 35 24 56 78 62 67 49 52 49 65 55 89 77 51 66 66 69 44 40 68 41 63 59
74 33 21 57 22 41 69 64 47 38 56 51 37 56 27 66 26 44 35 44 42 62 65 43 65 46 30 68 30 45 66 1000000 69 17 20 51 57 40 64 34 41 49 25 34 68 26 45 22 40 76 20 79 25 28 72 24 17 60 52 12 80 79 76 89 82 62 42 32 57 52 53 52 81 28 35 47 65 20 61 16 68 59 53 82 34 45 29 50 36 69 60 82 14 71 54 79 31 38 52 44 58 30 51 59 15 28 25 67 30 28 60 90 43 15 43 47 27 28 32 71 55 42 50 42 43 35 78 73 33 56 78 61 4 7 19 44 26 71 27 47 44 20 79 20 45 27 72 80 35 32 53
70 65 49 55 58 28 2 71 32 71 55 54 57 40 76 9 78 25 45 27 61 30 42 38 19 49 39 0 46 33 64 69 1000000 71 49 51 72 32 44 74 29 70 88 38 5 68 28 71 52 44 51 12 59 91 69 63 83 57 68 80 25 23 21 20 27 36 57 42 82 51 49 43 24 92 37 58 69 75 52 60 57 10 81 29 63 51 41 28 33 36 45 23 82 6 46 24 91 36 45 67 40 64 55 11 67 80 44 25 46 41 18 22 49 83 65 22 44 67 62 15 50 82 80 37 90 60 10 12 64 40 17 24 65 63 66 92 44 3 82 49 38 50 11 51 29 71 28 12 40 91 16
61 19 24 71 14 46 72 50 56 55 44 40 26 68 11 67 42 47 46 44 57 71 76 53 63 59 37 71 41 54 54 17 71 1000000 28 40 72 39 56 17 47 33 17 42 72 42 52 39 30 68 31 79 41 21 59 40 30 49 67 17 87 85 83 90 79 55 30 42 74 42 43 64 87 21 34 35 51 5 51 11 57 63 70 89 50 35 36 47 40 79 72 80 22 74 66 86 20 36 44 29 51 16 65 62 4 44 30 74 26 34 66 93 34 23 29 51 27 44 47 70 68 25 67 37 27 22 81 73 19 48 77 68 15 22 6 28 27 74 12 61 55 21 80 31 53 11 68 82 32 21 56
69 34 7 45 21 22 50 61 28 36 49 44 34 40 37 48 33 25 19 27 34 44 49 26 48 32 10 49 14 27 60 20 49 28 1000000 43 50 24 53 40 22 49 43 15 49 26 25 27 34 63 5 60 20 46 67 21 34 53 45 32 61 59 57 70 65 48 38 15 55 44 44 37 61 46 20 43 62 32 52 18 60 40 51 63 29 38 9 34 16 51 44 65 33 51 39 60 47 23 42 44 46 32 40 39 24 35 6 47 20 8 40 70 35 34 43 27 13 27 26 53 41 50 49 28 54 33 59 55 34 44 60 41 17 14 25 55 12 52 40 34 27 10 59 6 26 34 56 61 21 48 34
26 24 36 82 29 41 53 22 57 79 6 3 15 71 38 43 74 37 57 30 75 68 78 59 35 70 43 50 53 56 18 51 51 40 43 1000000 91 27 16 32 45 21 56 48 54 69 50 68 10 28 48 54 62 58 24 64 68 10 86 57 74 72 70 65 45 19 11 52 97 1 3 70 74 60 26 9 21 43 11 35 17 48 94 78 71 6 43 24 37 76 77 48 61 56 74 73 55 23 6 20 13 25 78 48 39 76 39 67 23 40 57 71 8 62 17 42 29 69 69 42 77 36 92 18 47 18 58 46 23 12 48 62 47 51 35 48 31 52 45 71 60 34 56 48 52 33 33 57 23 55 43
117 84 57 18 71 54 71 111 40 20 97 93 84 32 83 76 37 60 34 66 16 44 36 36 83 24 49 71 38 41 109 57 72 72 50 91 1000000 67 98 88 50 99 80 44 68 31 47 36 84 105 45 83 32 83 116 33 54 102 5 65 64 63 62 88 97 91 88 40 12 93 92 29 65 82 66 92 111 76 100 66 107 63 13 62 23 87 48 75 55 44 30 95 62 69 26 63 86 69 89 94 91 82 17 63 69 37 53 51 69 51 54 82 84 62 93 57 62 29 25 84 22 97 14 74 99 83 79 83 84 89 88 49 58 51 72 100 61 74 83 23 35 60 81 45 45 82 93 82 69 87 61
52 33 20 56 26 14 33 48 31 57 33 29 27 45 44 27 57 11 32 5 51 42 51 33 25 44 19 31 29 29 44 40 32 39 24 27 67 1000000 31 42 18 42 57 22 33 49 23 50 23 40 28 40 41 60 50 44 56 36 61 51 51 49 47 51 42 26 28 27 74 28 27 43 51 61 6 31 48 44 34 29 41 25 71 55 49 25 20 10 11 50 50 42 54 36 47 50 59 4 23 38 24 33 52 25 36 59 18 42 14 17 32 54 22 55 36 16 13 49 47 31 51 51 69 9 59 29 41 34 33 22 38 36 36 37 34 60 14 34 50 45 33 20 40 28 25 39 32 42 9 59 19
26 39 46 86 43 44 46 29 60 88 16 18 31 73 54 36 85 39 63 32 82 68 78 63 26 74 50 44 60 59 20 64 44 56 53 16 98 31 1000000 48 48 35 71 53 49 79 52 79 26 13 58 44 71 74 25 74 81 15 92 71 69 67 65 54 31 8 27 58 105 15 13 73 68 75 33 24 27 58 9 49 13 44 102 73 79 21 51 23 42 75 79 35 76 50 77 68 70 30 12 35 7 41 83 44 53 88 47 65 35 48 55 62 22 77 33 42 39 79 77 32 81 52 100 24 62 34 49 36 39 9 36 61 60 63 50 63 41 45 61 76 64 45 46 58 54 49 20 48 31 71 42
47 9 34 85 19 53 75 35 66 71 33 30 18 79 8 68 59 52 59 47 72 81 87 65 62 72 47 73 54 65 40 34 74 17 40 32 88 42 48 1000000 56 18 26 53 76 59 61 56 24 60 45 80 56 28 44 56 47 37 83 33 93 91 89 92 75 50 21 54 90 32 34 76 93 30 37 24 37 16 41 23 46 67 86 96 66 27 47 47 47 89 84 78 38 78 79 92 24 38 37 14 44 10 80 67 19 62 40 82 29 44 73 96 28 39 16 57 33 60 63 69 81 10 84 37 17 15 83 73 10 42 76 76 31 38 16 18 34 76 15 74 66 31 81 45 62 6 64 83 34 24 61
70 48 24 38 37 4 29 66 12 45 51 47 43 27 55 29 49 10 17 16 36 25 34 15 33 27 11 28 17 11 62 41 29 47 22 45 50 18 48 56 1000000 59 64 9 27 39 6 43 41 55 22 40 31 67 68 34 54 54 45 53 39 38 35 49 49 41 46 14 59 46 45 25 40 67 20 49 66 52 51 36 59 19 56 42 36 42 13 25 9 33 32 48 55 30 29 39 67 22 41 54 42 46 35 18 43 51 17 27 28 14 19 49 39 55 53 8 22 38 34 36 33 65 55 27 71 44 38 37 47 40 42 21 39 35 43 73 21 31 59 28 16 26 39 23 7 51 43 40 24 68 14
29 16 42 93 29 55 72 17 70 84 19 17 16 85 26 63 74 52 67 46 83 84 92 71 55 80 53 70 62 69 23 49 70 33 49 21 99 42 35 18 59 1000000 43 59 73 72 64 70 18 46 54 74 67 45 27 68 64 22 93 50 92 90 88 85 65 39 13 61 103 21 23 82 92 47 39 12 19 33 27 34 30 66 99 96 77 19 53 42 50 92 90 69 55 75 85 91 41 37 27 5 34 18 88 65 34 76 47 84 32 49 74 91 21 56 6 57 38 73 74 62 88 18 96 34 28 16 78 67 16 32 68 78 45 51 30 29 39 72 33 82 72 39 76 54 66 23 54 78 35 40 60
72 32 40 83 31 62 89 60 71 61 58 54 41 81 18 84 45 64 60 62 66 87 90 68 81 71 53 88 54 69 66 25 88 17 43 56 80 57 71 26 64 43 1000000 58 89 49 68 45 46 84 45 97 50 3 70 49 29 62 76 16 103 101 99 108 96 72 44 57 79 57 58 77 104 4 51 49 62 14 66 28 71 80 75 105 59 50 52 65 56 93 85 97 19 91 79 102 6 53 59 40 67 31 77 79 21 47 46 90 43 50 82 110 50 20 41 68 44 51 56 87 80 29 72 55 24 37 98 91 32 64 94 84 26 32 23 24 44 91 11 73 69 38 97 44 68 23 85 99 49 7 73
74 46 19 34 34 12 38 68 13 36 54 50 43 26 51 38 40 17 10 22 29 29 34 12 42 22 6 37 8 12 66 34 38 42 15 48 44 22 53 53 9 59 58 1000000 36 30 11 34 42 62 14 49 22 61 72 25 46 58 39 46 46 45 42 58 58 47 46 5 52 49 49 24 47 61 22 50 68 47 56 32 63 28 49 48 27 44 6 31 11 36 31 57 47 38 27 45 62 25 45 54 47 44 30 27 38 42 13 33 27 10 26 57 41 48 53 17 21 30 26 45 30 63 47 30 68 44 47 46 46 45 51 27 32 28 39 69 20 40 55 24 13 22 48 15 11 48 51 49 25 63 23
74 67 49 51 59 27 4 75 29 68 59 57 60 36 77 13 76 25 42 29 58 25 37 35 23 45 38 5 44 30 68 68 5 72 49 54 68 33 49 76 27 73 89 36 1000000 65 26 69 55 49 50 16 57 92 73 60 82 61 64 80 20 19 17 22 32 40 60 40 79 55 53 39 20 93 39 61 73 76 56 60 61 9 77 25 60 55 40 31 33 31 40 28 82 2 42 20 91 38 48 70 44 66 51 9 68 77 43 20 47 40 14 22 52 83 68 21 45 64 59 20 46 84 76 40 92 62 12 17 66 44 22 19 65 63 67 94 45 6 83 46 35 51 14 50 27 73 33 14 42 92 15
94 56 33 36 43 42 68 86 37 12 74 70 58 40 53 68 11 47 23 51 18 50 48 31 71 27 31 67 22 36 86 26 68 42 26 69 31 49 79 59 39 72 49 30 65 1000000 40 6 59 89 21 79 9 52 92 5 24 79 26 34 71 70 68 87 88 74 63 26 31 70 70 36 72 51 46 67 86 46 78 38 86 58 28 71 10 64 30 59 39 54 42 87 31 67 35 70 55 49 68 67 72 54 30 57 40 12 31 56 45 32 53 85 61 31 66 47 40 2 8 75 35 68 25 54 69 57 77 76 56 70 81 51 28 21 43 69 38 70 52 28 32 35 78 21 39 52 80 79 47 56 53
75 53 28 33 42 10 28 72 7 44 56 53 49 21 60 30 50 14 17 21 34 20 28 12 36 23 15 28 18 6 67 45 28 52 25 50 47 23 52 61 6 64 68 11 26 40 1000000 43 46 59 25 40 31 71 74 35 57 59 42 57 35 34 31 48 51 45 51 14 56 51 50 21 36 71 26 54 71 57 56 41 63 18 54 37 35 48 16 29 14 28 27 49 58 28 24 34 72 27 46 60 46 52 31 18 48 52 22 22 33 18 15 46 45 59 58 10 28 38 34 37 28 70 53 32 77 50 37 38 53 45 43 16 42 39 48 78 27 31 64 24 12 31 39 26 2 56 46 40 30 72 14
93 54 33 42 42 45 71 84 42 17 74 69 57 46 50 72 7 49 28 53 24 55 54 36 74 33 33 71 26 41 85 22 71 39 27 68 36 50 79 56 43 70 45 34 69 6 43 1000000 59 90 22 83 13 47 91 9 19 78 32 29 76 74 72 91 90 75 62 29 35 70 70 41 77 46 47 66 85 42 78 36 86 61 31 76 16 63 32 61 41 60 48 90 26 71 41 75 51 50 68 65 73 52 36 61 37 9 33 61 45 34 57 89 61 26 64 50 40 8 14 78 41 64 28 55 65 55 81 79 54 70 84 56 25 19 40 65 38 74 48 34 37 34 82 22 43 49 82 83 48 52 56
35 15 27 76 19 37 54 27 53 71 15 10 6 67 29 46 64 34 50 28 68 65 74 53 39 63 36 52 46 51 27 40 52 30 34 10 84 23 26 24 41 18 46 42 55 59 46 59 1000000 38 40 57 54 49 33 55 57 20 78 46 74 72 70 69 52 26 5 45 89 12 13 65 74 50 21 9 27 33 21 25 28 47 85 77 63 5 37 25 32 73 72 54 51 57 68 73 45 19 14 15 21 15 71 47 28 67 31 65 15 33 55 74 4 52 13 39 21 60 60 46 71 30 83 16 40 9 61 50 14 19 53 60 36 41 25 41 23 54 36 65 54 25 59 40 48 24 40 61 17 46 42
30 52 57 92 55 51 46 37 66 98 27 30 43 79 66 36 96 46 72 39 91 71 83 70 26 82 59 44 69 65 28 76 44 68 63 28 105 40 13 60 55 46 84 62 49 89 59 90 38 1000000 68 41 81 86 30 84 93 25 100 83 69 67 66 50 24 15 40 67 114 28 26 79 68 88 43 36 35 71 20 61 19 47 111 73 89 34 60 31 51 78 84 29 88 50 83 68 83 40 25 47 18 53 90 47 66 98 57 68 46 57 59 59 34 89 45 49 50 89 87 30 87 64 109 35 74 47 47 34 51 20 32 64 72 74 63 75 52 45 74 83 70 57 44 68 61 61 17 45 42 83 46
74 39 13 41 26 23 51 67 27 31 54 50 39 37 41 50 29 28 15 30 29 42 46 23 51 28 12 50 10 25 66 20 51 31 5 48 45 28 58 45 22 54 45 14 50 21 25 22 40 68 1000000 62 14 48 72 16 32 58 39 32 60 59 56 71 68 53 43 12 49 50 50 33 61 48 24 48 67 36 58 22 65 41 46 62 23 44 10 38 19 49 41 68 33 52 35 59 49 28 47 49 51 37 35 41 27 31 10 46 25 11 40 71 41 34 48 29 19 21 21 56 37 54 43 33 58 38 61 58 39 49 63 40 18 14 29 59 17 53 43 30 24 15 61 0 25 39 60 62 26 50 35
69 71 58 66 66 38 12 72 44 83 57 57 63 52 83 13 89 35 56 35 73 41 52 50 19 60 50 12 57 44 64 79 12 79 60 54 83 40 44 80 40 74 97 49 16 79 40 83 57 41 62 1000000 71 100 68 74 93 58 80 90 30 29 28 12 19 36 62 54 94 54 52 54 29 101 45 62 70 83 52 68 56 22 92 35 74 56 52 33 43 45 55 14 92 15 58 30 98 44 47 72 41 71 66 22 75 91 54 34 54 51 30 19 54 93 70 33 53 78 73 12 61 87 91 43 97 65 7 7 70 42 9 34 75 74 74 98 53 10 89 61 50 60 3 62 41 78 24 4 48 99 27
88 52 27 32 39 33 59 80 29 17 68 64 53 34 51 60 19 38 15 43 16 43 42 23 63 21 23 59 14 28 80 25 59 41 20 62 32 41 71 56 31 67 50 22 57 9 31 13 54 81 14 71 1000000 53 86 4 29 73 27 36 63 62 60 79 79 66 57 17 35 64 64 29 64 53 38 62 81 45 72 34 79 49 32 64 9 58 21 51 31 48 37 78 34 59 30 62 56 42 61 62 65 50 26 49 37 21 24 49 39 24 45 77 55 34 62 38 33 8 7 67 30 65 29 47 68 52 68 67 52 62 73 43 26 19 40 69 31 62 52 23 24 29 70 14 30 50 72 71 40 57 44
74 35 44 85 34 66 93 62 74 63 61 57 43 84 21 87 47 67 63 65 69 90 93 71 84 74 56 91 57 72 68 28 91 21 46 58 83 60 74 28 67 45 3 61 92 52 71 47 49 86 48 100 53 1000000 72 51 30 65 78 18 106 105 102 111 99 75 47 60 81 59 61 80 107 2 54 51 64 17 68 32 73 83 77 108 61 53 55 68 60 97 88 100 21 95 82 105 6 56 62 42 70 33 79 83 25 49 49 93 46 53 86 113 53 22 43 71 47 54 59 91 83 30 74 58 24 40 101 94 35 67 97 87 29 35 26 24 47 94 13 76 72 41 100 47 72 25 88 102 52 6 77
2 40 59 106 50 64 71 11 81 103 18 22 35 95 52 60 96 60 81 53 100 91 101 83 50 94 67 69 77 80 6 72 69 59 67 24 116 50 25 44 68 27 70 72 73 92 74 91 33 30 72 68 86 72 1000000 88 88 14 110 75 93 92 90 79 54 33 30 76 121 23 24 94 93 74 50 25 8 59 18 56 12 68 118 98 95 29 68 45 61 98 100 58 81 75 97 93 67 47 27 30 29 42 102 68 58 99 63 89 47 64 79 87 31 82 30 64 53 93 93 57 101 44 115 42 54 37 74 61 40 30 60 84 68 73 54 55 55 70 59 96 84 57 71 72 75 49 44 73 47 67 65
90 53 28 35 39 36 63 82 33 16 70 65 54 37 51 63 15 41 19 45 18 46 46 27 66 24 26 62 17 32 81 24 63 40 21 64 33 44 74 56 34 68 49 25 60 5 35 9 55 84 16 74 4 51 88 1000000 26 74 28 34 67 65 63 82 82 69 58 20 35 65 65 33 68 51 40 63 82 44 74 34 81 53 31 67 10 59 24 54 34 51 40 82 32 63 33 66 54 44 63 63 67 50 29 52 37 17 26 52 41 27 48 80 57 32 62 42 35 5 8 70 33 65 28 49 67 53 72 71 52 65 76 47 25 18 40 68 33 65 50 26 28 30 73 16 34 49 75 74 42 55 48
90 48 37 60 39 55 83 80 57 34 72 68 54 63 39 82 17 59 43 60 43 72 72 52 82 51 44 82 39 56 83 17 83 30 34 68 54 56 81 47 54 64 29 46 82 24 57 19 57 93 32 93 29 30 88 26 1000000 77 50 15 91 90 88 103 98 79 59 43 51 69 70 59 92 29 52 64 81 31 78 33 85 73 47 92 35 62 42 67 50 77 66 98 10 84 59 90 35 55 69 59 75 46 54 73 30 19 40 77 47 42 72 103 60 9 59 61 44 27 33 87 59 54 44 59 51 51 93 89 48 73 94 71 21 20 34 52 43 86 36 52 53 37 93 32 57 41 89 94 51 36 67
16 30 46 92 38 50 59 14 67 90 5 9 23 81 44 48 84 46 67 39 86 77 87 69 39 80 53 56 63 65 8 60 57 49 53 10 102 36 15 37 54 22 62 58 61 79 59 78 20 25 58 58 73 65 14 74 77 1000000 96 65 81 79 77 69 46 21 18 62 108 9 9 80 80 66 36 14 13 50 6 44 9 55 104 85 81 15 54 32 47 85 86 50 70 62 83 80 60 33 13 23 16 32 88 55 47 86 49 75 34 50 65 76 18 71 22 50 40 80 79 46 87 39 102 28 50 26 63 50 30 17 51 70 56 61 44 51 42 58 52 81 70 44 60 59 61 40 35 62 33 61 51
112 79 52 16 65 50 67 106 36 16 92 88 79 29 78 72 33 55 29 61 11 41 34 31 78 19 43 68 33 36 104 52 68 67 45 86 5 61 92 83 45 93 76 39 64 26 42 32 78 100 39 80 27 78 110 28 50 96 1000000 60 62 61 60 85 93 86 83 35 15 87 87 26 63 77 60 87 106 71 95 61 102 59 14 60 18 82 43 70 50 42 28 91 58 65 23 61 81 63 84 88 86 76 14 59 64 33 48 48 64 46 50 80 79 57 87 52 57 24 20 79 20 92 14 69 94 78 75 79 78 84 84 46 53 46 67 95 55 70 78 19 31 55 78 39 41 77 88 78 63 82 57
78 35 32 68 28 53 81 66 59 46 61 56 42 68 25 77 30 55 46 55 51 74 77 55 76 57 42 80 41 57 70 12 80 17 32 57 65 51 71 33 53 50 16 46 80 34 57 29 46 83 32 90 36 18 75 34 15 65 60 1000000 92 91 88 100 92 70 47 44 64 58 59 64 93 17 45 51 68 17 67 23 74 71 60 94 43 51 41 60 47 81 71 92 5 82 65 91 22 48 59 45 66 33 62 70 18 32 36 79 39 40 72 101 50 6 46 59 37 36 41 82 66 39 57 51 37 39 90 84 36 63 89 73 15 19 22 38 37 83 21 58 56 30 90 32 57 27 81 91 44 23 65
94 84 63 46 75 41 23 95 34 70 79 77 78 33 93 33 81 41 48 46 58 21 28 40 43 45 50 25 52 35 88 80 25 87 61 74 64 51 69 93 39 92 103 46 20 71 35 76 74 69 60 30 63 106 93 67 91 81 62 92 1000000 2 4 28 49 61 79 48 76 75 73 37 2 106 56 80 93 91 76 75 81 26 75 5 63 74 51 50 47 20 34 44 93 19 39 1 106 55 68 89 64 83 48 27 82 83 57 14 64 53 21 20 71 94 87 36 61 69 63 38 42 102 75 58 109 80 23 35 84 64 38 20 78 74 82 111 60 24 98 45 39 65 27 60 35 89 52 26 59 107 32
93 83 61 45 74 40 21 93 33 69 77 75 76 32 92 32 80 39 47 45 57 20 28 39 42 45 49 23 50 34 86 79 23 85 59 72 63 49 67 91 38 90 101 45 19 70 34 74 72 67 59 29 62 105 92 65 90 79 61 91 2 1000000 2 27 47 59 77 47 75 73 71 36 2 105 54 79 92 90 74 74 80 25 75 6 62 72 50 48 46 20 34 43 92 17 39 1 105 54 67 87 63 82 48 25 81 82 55 13 63 52 19 20 69 92 85 35 59 68 62 37 42 100 75 57 108 78 22 34 82 62 37 19 76 72 81 109 59 22 97 44 38 64 26 59 34 88 51 25 58 106 30
90 80 59 44 71 37 19 91 31 68 75 73 74 31 89 30 78 37 45 42 56 19 27 36 40 43 46 21 48 32 84 76 21 83 57 70 62 47 65 89 35 88 99 42 17 68 31 72 70 66 56 28 60 102 90 63 88 77 60 88 4 2 1000000 27 46 57 75 45 74 71 69 35 5 103 51 76 90 87 72 71 78 22 73 8 60 70 48 46 43 20 33 42 89 15 37 3 102 51 64 85 61 79 46 23 78 80 53 12 60 49 17 20 67 90 83 32 57 66 60 35 40 98 73 54 105 76 21 32 80 60 36 16 74 70 78 107 56 21 94 43 36 61 25 57 31 85 49 24 55 103 28
79 82 69 70 77 48 20 83 51 90 68 68 74 56 94 24 98 45 64 46 79 44 54 57 30 66 60 21 66 52 74 89 20 90 70 65 88 51 54 92 49 85 108 58 22 87 48 91 69 50 71 12 79 111 79 82 103 69 85 100 28 27 27 1000000 26 47 73 62 99 65 63 59 27 112 57 73 81 95 63 80 66 30 98 32 82 67 61 45 53 47 59 21 103 20 62 28 110 55 59 83 53 82 71 31 87 99 64 37 65 61 35 10 65 103 81 42 64 86 81 23 66 99 97 55 108 77 11 19 82 54 18 39 86 84 85 110 64 18 101 67 57 70 11 72 49 90 34 9 59 110 36
54 66 61 81 65 46 28 60 57 94 47 48 57 67 80 21 97 41 67 38 85 57 69 62 17 73 57 27 66 57 51 82 27 79 65 45 97 42 31 75 49 65 96 58 32 88 51 90 52 24 68 19 79 99 54 82 98 46 93 92 49 47 46 26 1000000 26 55 63 107 45 43 69 48 100 47 54 57 82 40 69 42 34 105 53 85 49 58 32 49 63 71 5 95 32 72 48 96 44 39 64 32 67 80 35 75 99 59 51 53 57 45 36 47 96 62 41 55 87 83 13 76 81 104 41 91 61 26 15 66 33 10 50 78 78 73 92 56 26 87 74 62 62 22 69 52 75 12 23 48 97 36
34 41 43 79 42 37 38 36 53 83 21 22 32 66 55 28 81 32 57 25 76 60 71 56 18 68 44 36 55 52 28 62 36 55 48 19 91 26 8 50 41 39 72 47 40 74 45 75 26 15 53 36 66 75 33 69 79 21 86 70 61 59 57 47 26 1000000 29 52 99 19 17 66 60 76 29 28 34 58 16 47 20 36 96 65 74 23 45 16 37 67 71 29 74 42 70 60 72 25 13 38 6 42 76 36 53 84 43 57 32 42 47 55 22 75 36 35 36 74 72 25 73 55 94 20 65 35 42 29 40 8 29 53 58 60 50 67 37 37 62 69 57 42 39 53 47 50 15 40 28 72 34
32 13 31 81 20 42 59 23 58 74 14 10 5 72 27 50 67 39 55 33 72 70 79 58 43 68 41 57 50 56 24 42 57 30 38 11 88 28 27 21 46 13 44 46 60 63 51 62 5 40 43 62 57 47 30 58 59 18 83 47 79 77 75 73 55 29 1000000 49 93 12 14 70 79 49 26 5 24 32 21 26 27 52 89 83 67 7 41 30 37 78 77 58 52 62 73 78 43 24 16 10 24 14 76 52 29 69 35 70 19 37 60 79 8 53 8 44 26 64 64 51 76 26 87 21 36 8 65 55 12 22 57 65 38 43 25 37 28 59 34 70 59 28 63 44 53 22 44 65 22 44 47
78 48 21 31 35 17 42 72 14 32 58 54 46 25 52 43 36 22 6 27 24 30 34 11 47 18 9 42 4 13 70 32 42 42 15 52 40 27 58 54 14 61 57 5 40 26 14 29 45 67 12 54 17 60 76 20 43 62 35 44 48 47 45 62 63 52 49 1000000 47 53 52 22 49 60 26 53 72 47 60 32 67 32 44 50 22 48 8 36 16 37 30 61 45 42 25 48 61 29 49 57 51 46 27 32 38 38 15 35 30 12 29 61 45 45 55 21 24 25 21 50 27 64 42 34 69 46 51 50 48 49 56 29 31 25 40 70 22 45 55 20 12 24 53 12 14 49 56 54 29 62 27
123 87 62 30 74 63 82 116 50 19 103 99 89 44 84 86 34 68 42 74 23 56 48 45 92 34 56 82 45 51 115 57 82 74 55 97 12 74 105 90 59 103 79 52 79 31 56 35 89 114 49 94 35 81 121 35 51 108 15 64 76 75 74 99 107 99 93 47 1000000 99 98 40 77 80 72 97 116 77 106 69 114 73 4 74 26 93 54 83 63 56 42 105 60 80 37 75 85 75 96 97 98 85 28 73 71 33 59 63 74 58 65 94 90 60 97 66 68 30 29 94 34 99 7 81 100 87 90 93 87 96 99 60 59 52 74 100 66 84 83 33 45 64 92 49 55 84 102 93 75 86 71
25 25 37 83 30 42 53 21 58 81 5 3 16 73 39 43 75 38 59 31 77 69 79 60 35 71 44 51 54 57 17 52 51 42 44 1 93 28 15 32 46 21 57 49 55 70 51 70 12 28 50 54 64 59 23 65 69 9 87 58 75 73 71 65 45 19 12 53 99 1000000 2 71 74 61 27 9 20 44 9 36 16 48 95 79 73 7 45 25 39 77 78 48 63 57 75 74 55 25 6 20 13 26 79 48 40 78 40 68 25 41 58 72 9 64 18 43 31 71 70 42 78 37 93 19 47 20 58 46 24 12 48 63 48 52 36 48 33 53 46 73 61 35 56 50 53 34 33 58 24 56 44
25 26 37 82 31 41 51 22 57 81 6 5 18 72 40 42 76 37 58 29 76 68 78 59 33 70 44 49 54 56 17 53 49 43 44 3 92 27 13 34 45 23 58 49 53 70 50 70 13 26 50 52 64 61 24 65 70 9 87 59 73 71 69 63 43 17 14 52 98 2 1000000 70 73 62 27 11 21 45 8 37 16 47 95 77 72 8 44 23 38 76 77 46 64 55 74 72 57 24 5 22 11 28 78 47 41 78 40 66 25 41 57 70 9 65 20 41 31 71 70 40 77 39 93 18 49 21 56 44 26 10 46 62 49 52 38 50 33 51 48 72 60 36 54 50 52 36 31 56 24 57 42
95 70 42 13 57 30 42 91 13 33 76 73 67 5 73 48 46 34 18 42 21 16 13 12 55 9 30 42 23 14 88 52 43 64 37 70 29 43 73 76 25 82 77 24 39 36 21 41 65 79 33 54 29 80 94 33 59 80 26 64 37 36 35 59 69 66 70 22 40 71 70 1000000 38 80 45 73 91 69 77 54 84 34 39 36 27 67 30 50 33 19 8 66 63 40 4 36 82 47 66 78 67 68 12 34 60 47 36 23 51 33 25 54 64 63 76 31 45 34 27 55 8 86 39 52 90 67 49 54 69 65 59 20 51 45 62 92 43 45 76 8 11 45 52 33 19 71 65 53 48 83 33
94 85 63 47 76 42 22 94 35 72 78 77 78 34 94 33 83 41 49 47 60 22 30 41 43 47 51 24 53 36 87 81 24 87 61 74 65 51 68 93 40 92 104 47 20 72 36 77 74 68 61 29 64 107 93 68 92 80 63 93 2 2 5 27 48 60 79 49 77 74 73 38 1000000 107 56 80 93 92 75 76 81 26 77 6 64 74 52 50 48 22 36 43 94 18 41 2 107 56 68 89 64 84 50 27 83 84 57 16 65 54 21 18 71 94 87 37 61 70 64 38 44 102 77 58 110 80 22 34 84 64 37 21 78 74 83 111 61 23 99 46 40 66 26 61 36 90 51 25 60 108 32
76 36 44 85 35 66 93 64 74 62 62 58 45 84 22 88 46 68 63 66 68 90 93 71 85 73 56 92 57 73 70 28 92 21 46 60 82 61 75 30 67 47 4 61 93 51 71 46 50 88 48 101 53 2 74 51 29 66 77 17 106 105 103 112 100 76 49 60 80 61 62 80 107 1000000 55 53 66 18 70 32 75 84 76 109 60 54 55 69 60 97 88 101 20 95 82 106 7 57 64 44 71 35 79 83 25 48 50 94 47 53 86 114 54 21 45 72 48 53 58 92 83 32 73 59 25 41 102 95 37 68 98 87 29 35 27 25 48 95 15 75 72 42 101 47 72 27 89 103 53 8 77
52 29 15 56 21 16 39 47 32 55 32 28 23 46 39 33 53 15 31 10 50 45 54 33 30 44 17 37 27 31 44 35 37 34 20 26 66 6 33 37 20 39 51 22 39 46 26 47 21 43 24 45 38 54 50 40 52 36 60 45 56 54 51 57 47 29 26 26 72 27 27 45 56 55 1000000 29 46 38 34 23 42 30 69 59 46 23 18 15 12 53 51 47 48 41 48 55 53 3 24 34 27 28 52 30 30 55 14 46 9 14 36 60 20 49 33 20 8 46 44 37 51 46 67 9 54 25 47 39 28 24 43 40 31 32 29 55 9 40 44 46 34 15 46 25 27 34 37 48 4 54 24
27 17 35 85 25 45 60 19 61 79 10 6 10 75 31 51 72 42 59 35 76 73 82 62 43 72 45 58 54 59 19 47 58 35 43 9 92 31 24 24 49 12 49 50 61 67 54 66 9 36 48 62 62 51 25 63 64 14 87 51 80 79 76 73 54 28 5 53 97 9 11 73 80 53 29 1000000 19 36 17 31 22 54 94 84 71 7 45 31 40 81 80 57 56 63 77 80 47 27 14 11 22 19 80 54 34 74 39 73 24 41 63 79 10 58 9 47 30 68 69 50 80 28 91 23 38 13 66 54 16 20 56 67 43 48 30 39 32 60 38 74 63 33 64 48 56 26 42 65 25 47 49
10 33 54 103 44 61 71 3 78 98 15 18 28 92 44 61 90 58 77 50 95 89 99 80 52 90 63 69 73 77 7 65 69 51 62 21 111 48 27 37 66 19 62 68 73 86 71 85 27 35 67 70 81 64 8 82 81 13 106 68 93 92 90 81 57 34 24 72 116 20 21 91 93 66 46 19 1000000 52 18 50 16 68 113 98 90 24 64 44 58 97 98 62 73 75 94 93 59 44 26 23 29 35 98 68 51 93 58 88 42 60 78 89 27 74 22 62 49 87 88 59 98 36 110 39 46 30 75 63 33 29 63 83 62 67 47 47 51 71 51 92 81 52 73 67 73 41 47 74 43 59 64
61 20 29 76 18 50 77 50 61 58 46 41 28 72 8 71 45 51 51 49 61 76 81 58 67 63 42 75 45 59 54 20 75 5 32 43 76 44 58 16 52 33 14 47 76 46 57 42 33 71 36 83 45 17 59 44 31 50 71 17 91 90 87 95 82 58 32 47 77 44 45 69 92 18 38 36 52 1000000 53 16 59 67 73 94 54 37 41 51 44 83 77 84 22 79 71 91 15 40 46 29 53 18 70 67 9 47 35 79 30 39 71 97 37 23 30 56 31 47 51 74 72 23 70 41 23 24 85 77 20 51 81 73 19 26 9 24 31 78 7 65 59 26 84 35 58 11 71 86 36 16 61
19 34 46 89 40 47 54 20 64 89 8 12 25 78 48 43 84 43 65 35 84 73 83 66 34 77 51 51 62 63 12 61 52 51 52 11 100 34 9 41 51 27 66 56 56 78 56 78 21 20 58 52 72 68 18 74 78 6 95 67 76 74 72 63 40 16 21 60 106 9 8 77 75 70 34 17 18 53 1000000 46 7 51 103 80 80 16 52 28 45 81 83 44 72 57 81 75 64 31 11 27 12 35 86 51 49 87 48 71 33 49 61 71 18 73 26 47 39 79 78 40 84 44 101 26 54 29 57 45 33 12 45 66 57 61 46 56 41 53 55 79 67 44 55 58 58 43 29 56 31 64 47
58 19 13 63 6 34 61 49 45 50 40 35 22 58 19 56 40 36 37 33 50 61 66 43 53 50 26 59 31 44 51 16 60 11 18 35 66 29 49 23 36 34 28 32 60 38 41 36 25 61 22 68 34 32 56 34 33 44 61 23 75 74 71 80 69 47 26 32 69 36 37 54 76 32 23 31 50 16 46 1000000 52 51 65 78 43 29 26 37 28 68 62 70 27 63 57 75 31 25 37 29 43 16 57 51 7 43 19 63 16 23 55 82 28 28 29 40 16 39 41 60 59 32 62 28 36 19 69 63 18 40 66 57 12 17 7 38 16 62 23 52 44 10 69 22 42 17 58 71 21 32 45
13 39 53 96 46 54 59 18 71 96 13 18 31 85 53 48 91 50 73 42 92 79 90 73 38 85 59 57 69 70 9 68 57 57 60 17 107 41 13 46 59 30 71 63 61 86 63 86 28 19 65 56 79 73 12 81 85 9 102 74 81 80 78 66 42 20 27 67 114 16 16 84 81 75 42 22 16 59 7 52 1000000 56 110 86 88 23 59 34 52 87 90 46 78 63 88 81 69 39 18 32 18 41 93 57 56 94 55 77 41 56 67 74 25 80 30 54 46 86 86 44 91 47 108 33 58 35 62 49 39 19 48 73 64 68 52 59 48 58 60 86 74 51 58 65 65 48 32 60 39 69 53
69 58 40 47 50 18 10 69 23 62 53 51 52 33 68 13 68 16 35 20 52 24 36 29 21 40 30 10 36 23 63 59 10 63 40 48 63 25 44 67 19 66 80 28 9 58 18 61 47 47 41 22 49 83 68 53 73 55 59 71 26 25 22 30 34 36 52 32 73 48 47 34 26 84 30 54 68 67 51 51 56 1000000 71 30 53 47 31 24 24 31 38 32 73 12 38 26 83 29 42 62 39 58 46 0 59 70 34 21 39 31 11 31 45 74 60 12 36 57 52 21 42 76 70 32 84 54 20 20 58 39 25 17 56 54 58 85 36 13 74 40 29 42 21 41 19 64 32 22 33 83 6
120 83 59 30 70 60 80 112 48 15 100 95 85 43 80 84 30 66 39 71 20 55 47 43 90 32 52 80 42 48 112 53 81 70 51 94 13 71 102 86 56 99 75 49 77 28 54 31 85 111 46 92 32 77 118 31 47 104 14 60 75 75 73 98 105 96 89 44 4 95 95 39 77 76 69 94 113 73 103 65 110 71 1000000 74 23 89 51 80 60 55 41 103 56 78 36 75 81 72 92 94 95 81 27 71 67 29 55 62 71 54 63 93 87 56 93 64 64 26 25 91 33 95 3 78 96 83 88 91 83 93 97 59 55 48 70 96 63 83 79 31 43 61 91 46 53 80 100 91 72 82 68
99 88 65 44 78 44 27 99 35 70 83 81 82 32 96 38 82 44 49 50 58 21 27 40 48 45 52 29 53 37 92 82 29 89 63 78 62 55 73 96 42 96 105 48 25 71 37 76 77 73 62 35 64 108 98 67 92 85 60 94 5 6 8 32 53 65 83 50 74 79 77 36 6 109 59 84 98 94 80 78 86 30 74 1000000 63 78 53 54 50 19 33 49 95 23 38 5 109 59 72 92 69 87 47 30 85 83 59 15 68 55 23 23 75 95 90 39 64 69 63 43 41 105 74 62 112 83 28 40 87 68 43 21 80 75 85 114 63 29 101 44 39 68 32 62 37 92 57 31 63 110 36
97 62 36 26 48 39 62 90 30 9 77 73 62 31 60 65 20 44 18 49 8 42 39 24 69 18 30 62 20 30 89 34 63 50 29 71 23 49 79 66 36 77 59 27 60 10 35 16 63 89 23 74 9 61 95 10 35 81 18 43 63 62 60 82 85 74 67 22 26 73 72 27 64 60 46 71 90 54 80 43 88 53 23 63 1000000 67 29 58 38 45 33 83 41 62 26 62 64 50 70 72 73 59 20 52 47 21 33 48 48 32 47 78 64 41 71 43 42 8 3 72 25 75 21 55 77 61 71 72 61 70 77 44 35 28 50 78 40 65 61 19 25 38 73 23 33 59 78 74 49 65 49
31 18 31 79 23 38 53 24 55 75 11 6 10 69 33 44 69 35 54 28 71 67 76 56 37 66 39 51 49 53 22 45 51 35 38 6 87 25 21 27 42 19 50 44 55 64 48 63 5 34 44 56 58 53 29 59 62 15 82 51 74 72 70 67 49 23 7 48 93 7 8 67 74 54 23 7 24 37 16 29 23 47 89 78 67 1000000 40 24 34 75 74 51 56 57 71 73 49 21 10 16 17 20 74 47 33 71 34 66 19 36 56 73 3 57 14 40 25 64 64 44 74 32 87 16 42 13 59 48 18 15 50 61 41 45 30 44 27 53 40 68 57 29 57 44 49 28 37 59 19 50 42
70 40 13 40 27 13 41 64 20 38 49 45 38 32 45 40 38 18 14 21 32 35 41 18 42 27 2 40 10 18 61 29 41 36 9 43 48 20 51 47 13 53 52 6 40 30 16 32 37 60 10 52 21 55 68 24 42 54 43 41 51 50 48 61 58 45 41 8 54 45 44 30 52 55 18 45 64 41 52 26 59 31 51 53 29 40 1000000 30 9 42 37 58 42 42 33 51 56 21 41 48 44 38 35 31 32 41 7 38 22 4 31 61 37 43 47 19 15 29 27 46 35 56 49 27 62 38 50 48 40 42 53 32 26 23 33 63 14 43 48 29 19 16 51 11 17 41 51 52 21 56 25
47 38 30 63 34 21 29 45 37 67 29 27 30 50 50 21 67 16 41 9 60 45 56 40 16 52 28 27 39 36 39 50 28 47 34 24 75 10 23 47 25 42 65 31 31 59 29 61 25 31 38 33 51 68 45 54 67 32 70 60 50 48 46 45 32 16 30 36 83 25 23 50 50 69 15 31 44 51 28 37 34 24 80 54 58 24 30 1000000 21 53 56 33 63 33 54 49 66 12 19 40 17 38 60 24 44 69 28 44 22 27 34 49 21 64 38 20 23 59 56 23 57 55 78 10 64 33 36 26 37 16 30 39 46 47 42 65 24 30 57 53 41 30 34 39 31 45 22 36 16 66 20
63 39 16 45 28 6 34 58 21 47 43 40 35 35 46 31 48 9 21 12 40 34 42 22 33 32 8 32 18 19 55 36 33 40 16 37 55 11 42 47 9 50 56 11 33 39 14 41 32 51 19 43 31 60 61 34 50 47 50 47 47 46 43 53 49 37 37 16 63 39 38 33 48 60 12 40 58 44 45 28 52 24 60 50 38 34 9 21 1000000 42 40 49 49 35 36 46 59 14 34 46 36 37 41 23 35 50 11 36 19 8 27 54 31 50 44 12 14 39 36 37 40 56 58 19 63 35 43 39 38 34 44 30 32 30 35 64 13 36 51 34 22 18 43 20 16 42 41 44 16 60 17
100 81 55 26 69 37 34 98 23 52 82 79 76 14 87 43 65 40 34 47 40 8 8 26 52 28 42 35 39 24 92 69 36 79 51 76 44 50 75 89 33 92 93 36 31 54 28 60 73 78 49 45 48 97 98 51 77 85 42 81 20 20 20 47 63 67 78 37 56 77 76 19 22 97 53 81 97 83 81 68 87 31 55 19 45 75 42 53 42 1000000 14 59 81 31 20 20 98 54 71 87 70 79 28 31 74 66 49 11 61 45 20 40 72 81 86 35 56 52 46 50 22 98 55 59 104 77 39 48 80 69 52 14 67 62 75 105 54 36 91 27 25 58 43 49 27 84 63 42 57 99 34
102 77 50 12 65 36 43 98 19 38 83 79 74 5 81 51 52 40 26 48 26 15 6 19 59 15 37 44 31 21 94 60 45 72 44 77 30 50 79 84 32 90 85 31 40 42 27 48 72 84 41 55 37 88 100 40 66 86 28 71 34 34 33 59 71 71 77 30 42 78 77 8 36 88 51 80 98 77 83 62 90 38 41 33 33 74 37 56 40 14 1000000 68 71 41 7 34 90 53 73 85 72 75 14 37 68 53 44 22 58 41 27 53 71 71 84 36 52 40 34 58 8 93 41 59 98 75 50 56 77 71 62 21 59 53 69 100 51 46 84 14 18 53 53 41 25 78 69 53 55 91 38
59 69 61 78 66 45 25 64 55 92 50 51 60 64 82 19 96 40 65 38 83 53 65 60 17 71 56 24 65 54 55 82 23 80 65 48 95 42 35 78 48 69 97 57 28 87 49 90 54 29 68 14 78 100 58 82 98 50 91 92 44 43 42 21 5 29 58 61 105 48 46 66 43 101 47 57 62 84 44 70 46 32 103 49 83 51 58 33 49 59 68 1000000 96 28 69 44 98 45 42 67 35 69 78 32 77 98 59 48 54 57 42 31 50 97 65 40 55 86 82 12 73 84 102 43 94 63 21 12 68 36 6 47 78 78 74 95 56 22 89 72 60 62 17 68 50 77 15 18 49 99 35
83 41 34 66 33 55 83 72 59 42 65 61 47 68 30 80 26 58 46 58 49 75 76 55 79 56 44 82 42 58 75 14 82 22 33 61 62 54 76 38 55 55 19 47 82 31 58 26 51 88 33 92 34 21 81 32 10 70 58 5 93 92 89 103 95 74 52 45 60 63 64 63 94 20 48 56 73 22 72 27 78 73 56 95 41 56 42 63 49 81 71 96 1000000 84 64 92 25 51 64 51 70 38 60 72 23 28 39 79 43 42 73 103 54 1 51 61 40 34 39 85 65 45 53 55 42 44 92 87 41 68 92 73 17 20 26 42 40 85 26 57 56 33 92 33 58 32 85 94 48 26 67
76 69 51 52 62 30 4 77 31 70 61 59 62 37 80 15 78 27 44 31 59 26 37 37 25 47 41 6 46 32 69 71 6 74 51 56 69 36 50 78 30 75 91 38 2 67 28 71 57 50 52 15 59 95 75 63 84 62 65 82 19 17 15 20 32 42 62 42 80 57 55 40 18 95 41 63 75 79 57 63 63 12 78 23 62 57 42 33 35 31 41 28 84 1000000 43 18 94 40 50 72 46 68 52 12 70 80 46 20 50 43 15 19 54 85 70 24 48 66 61 20 47 86 78 42 95 64 10 17 68 46 22 20 68 65 69 96 47 6 85 47 37 53 12 53 29 75 34 13 44 95 18
99 73 45 9 60 34 45 95 17 32 80 76 70 7 76 51 46 38 20 45 20 19 13 15 59 9 33 46 25 18 91 54 46 66 39 74 26 47 77 79 29 85 79 27 42 35 24 41 68 83 35 58 30 82 97 33 59 83 23 65 39 39 37 62 72 70 73 25 37 75 74 4 41 82 48 77 94 71 81 57 88 38 36 38 26 71 33 54 36 20 7 69 64 43 1000000 39 84 50 70 81 70 71 9 38 62 47 39 26 54 36 28 57 68 64 79 35 48 33 27 59 4 88 36 56 93 70 53 58 72 69 63 23 53 47 64 94 46 48 78 7 14 48 56 35 23 73 69 56 52 85 37
94 84 62 45 74 40 22 94 34 70 78 76 77 32 93 33 81 40 47 46 58 20 28 39 43 45 50 24 51 35 87 79 24 86 60 73 63 50 68 92 39 91 102 45 20 70 34 75 73 68 59 30 62 105 93 66 90 80 61 91 1 1 3 28 48 60 78 48 75 74 72 36 2 106 55 80 93 91 75 75 81 26 75 5 62 73 51 49 46 20 34 44 92 18 39 1000000 106 55 68 88 64 83 48 26 82 82 56 14 64 52 20 20 70 93 86 36 60 68 62 38 42 101 75 58 109 79 23 34 83 63 38 19 77 73 82 110 59 23 98 44 38 65 27 60 34 88 52 26 59 106 31
69 31 44 88 33 65 92 57 75 67 57 53 40 86 17 86 51 67 64 64 72 91 95 72 82 76 57 90 59 74 63 31 91 20 47 55 86 59 70 24 67 41 6 62 91 55 72 51 45 83 49 98 56 6 67 54 35 60 81 22 106 105 102 110 96 72 43 61 85 55 57 82 107 7 53 47 59 15 64 31 69 83 81 109 64 49 56 66 59 98 90 98 25 94 84 106 1000000 55 59 38 66 30 82 82 24 53 50 94 45 53 86 113 50 26 39 71 46 57 62 89 85 25 78 56 18 36 100 92 32 64 96 88 31 37 25 18 47 93 9 78 73 41 99 49 72 22 85 101 51 1 76
49 29 18 59 22 18 38 45 34 58 29 26 23 48 40 31 56 15 34 9 53 46 55 36 28 46 20 36 30 33 41 38 36 36 23 23 69 4 30 38 22 37 53 25 38 49 27 50 19 40 28 44 42 56 47 44 55 33 63 48 55 54 51 55 44 25 24 29 75 25 24 47 56 57 3 27 44 40 31 25 39 29 72 59 50 21 21 12 14 54 53 45 51 40 50 55 55 1000000 21 34 23 28 55 29 32 58 17 46 10 18 36 58 18 52 32 20 11 49 48 34 54 46 70 6 55 24 45 37 28 21 41 41 34 35 30 56 12 39 46 48 36 18 44 28 29 35 34 46 4 55 23
29 28 35 79 31 37 47 27 53 78 11 9 19 68 42 37 74 32 55 25 73 64 74 56 29 67 40 45 51 52 21 52 45 44 42 6 89 23 12 37 41 27 59 45 48 68 46 68 14 25 47 47 61 62 27 63 69 13 84 59 68 67 64 59 39 13 16 49 96 6 5 66 68 64 24 14 26 46 11 37 18 42 92 72 70 10 41 19 34 71 73 42 64 50 70 68 59 21 1000000 25 8 29 75 42 41 76 37 62 23 38 52 65 10 65 23 37 29 68 68 36 74 42 90 15 52 23 52 40 27 6 41 57 48 51 38 53 30 47 50 68 56 34 49 48 48 37 28 51 21 59 38
33 11 37 88 23 51 69 21 66 79 20 17 11 80 22 60 69 49 62 42 78 79 88 66 53 75 48 67 57 65 26 44 67 29 44 20 94 38 35 14 54 5 40 54 70 67 60 65 15 47 49 72 62 42 30 63 59 23 88 45 89 87 85 83 64 38 10 57 97 20 22 78 89 44 34 11 23 29 27 29 32 62 94 92 72 16 48 40 46 87 85 67 51 72 81 88 38 34 25 1000000 33 13 83 62 29 71 42 80 27 45 70 89 18 52 2 54 33 68 69 61 84 17 91 30 27 11 75 65 11 31 66 74 40 46 25 28 35 69 29 77 67 34 74 49 61 18 53 75 30 38 57
30 36 40 79 38 37 42 31 53 81 16 16 27 67 50 32 79 32 57 25 76 62 73 56 23 68 43 40 53 52 24 58 40 51 46 13 91 24 7 44 42 34 67 47 44 72 46 73 21 18 51 41 65 70 29 67 75 16 86 66 64 63 61 53 32 6 24 51 98 13 11 67 64 71 27 22 29 53 12 43 18 39 95 69 73 17 44 17 36 70 72 35 70 46 70 64 66 23 8 33 1000000 37 76 39 48 81 41 60 28 41 50 60 17 71 31 36 33 72 71 30 74 49 93 18 60 30 46 34 35 3 35 55 54 56 45 61 34 42 57 69 57 39 44 51 48 45 20 45 25 67 36
45 2 26 77 11 43 66 34 57 66 28 24 10 71 13 58 56 42 51 38 66 72 79 56 53 64 38 64 46 56 37 30 64 16 32 25 82 33 41 10 46 18 31 44 66 54 52 52 15 53 37 71 50 33 42 50 46 32 76 33 83 82 79 82 67 42 14 46 85 26 28 68 84 35 28 19 35 18 35 16 41 58 81 87 59 20 38 38 37 79 75 69 38 68 71 83 30 28 29 13 37 1000000 72 57 16 58 32 73 19 35 64 86 20 39 13 47 24 55 57 60 73 19 78 27 26 7 73 64 2 34 67 67 27 33 12 28 25 67 20 66 57 23 72 37 53 8 55 74 24 30 51
104 74 46 6 61 39 54 98 24 24 84 80 73 16 76 59 40 44 21 51 12 28 21 20 66 8 35 54 26 24 96 51 55 65 40 78 17 52 83 80 35 88 77 30 51 30 31 36 71 90 35 66 26 79 102 29 54 88 14 62 48 48 46 71 80 76 76 27 28 79 78 12 50 79 52 80 98 70 86 57 93 46 27 47 20 74 35 60 41 28 14 78 60 52 9 48 82 55 75 83 76 72 1000000 46 62 40 41 35 57 39 37 66 71 60 82 41 50 28 22 67 6 89 27 60 92 72 62 66 74 74 71 32 51 45 64 94 49 57 77 7 19 49 64 35 29 74 77 65 55 83 44
69 58 39 47 50 18 11 69 23 61 53 51 51 33 68 14 67 16 34 20 51 24 36 28 22 39 29 10 35 23 63 59 11 62 39 48 63 25 44 67 18 65 79 27 9 57 18 61 47 47 41 22 49 83 68 52 73 55 59 70 27 25 23 31 35 36 52 32 73 48 47 34 27 83 30 54 68 67 51 51 57 0 71 30 52 47 31 24 23 31 37 32 72 12 38 26 82 29 42 62 39 57 46 1000000 58 69 34 20 39 31 11 31 44 73 60 12 36 56 51 21 42 76 70 32 84 53 20 20 57 39 26 17 56 53 58 85 35 13 74 40 28 41 21 41 19 64 32 22 33 83 6
60 18 20 67 11 41 68 50 52 52 43 38 24 64 14 63 40 43 42 40 54 67 72 49 60 55 33 66 37 50 53 15 67 4 24 39 69 36 53 19 43 34 21 38 68 40 48 37 28 66 27 75 37 25 58 37 30 47 64 18 82 81 78 87 75 53 29 38 71 40 41 60 83 25 30 34 51 9 49 7 56 59 67 85 47 33 32 44 35 74 68 77 23 70 62 82 24 32 41 29 48 16 62 58 1000000 43 26 70 22 30 62 89 32 24 29 47 23 41 44 66 64 28 64 34 31 21 77 69 19 46 73 64 12 19 4 32 23 69 16 57 50 17 76 27 49 13 65 78 28 25 52
101 61 41 46 49 53 80 92 49 17 82 77 64 52 55 80 2 58 36 61 28 62 60 43 82 39 42 79 34 48 93 28 80 44 35 76 37 59 88 62 51 76 47 42 77 12 52 9 67 98 31 91 21 49 99 17 19 86 33 32 83 82 80 99 99 84 69 38 33 78 78 47 84 48 55 74 93 47 87 43 94 70 29 83 21 71 41 69 50 66 53 98 28 80 47 82 53 58 76 71 81 58 40 69 43 1000000 41 68 53 42 65 97 69 27 71 59 48 14 20 87 46 70 26 64 69 62 89 88 61 79 93 63 31 26 47 69 47 82 52 40 44 42 90 31 51 55 91 91 56 54 65
65 34 6 46 21 16 45 58 26 41 45 40 32 39 38 42 39 19 20 21 37 41 47 25 42 33 7 43 15 25 56 25 44 30 6 39 53 18 47 40 17 47 46 13 43 31 22 33 31 57 10 54 24 49 63 26 40 49 48 36 57 55 53 64 59 43 35 15 59 40 40 36 57 50 14 39 58 35 48 19 55 34 55 59 33 34 7 28 11 49 44 59 39 46 39 56 50 17 37 42 41 32 41 34 26 41 1000000 44 16 4 36 65 31 39 41 22 9 32 30 47 42 50 53 23 55 31 54 49 33 38 54 38 22 20 27 56 8 46 42 35 26 9 54 11 23 35 50 55 16 51 28
90 74 50 33 64 30 23 89 20 56 72 70 69 19 82 32 67 31 34 38 44 7 18 25 41 31 37 24 38 21 83 67 25 74 47 67 51 42 65 82 27 84 90 33 20 56 22 61 65 68 46 34 49 93 89 52 77 75 48 79 14 13 12 37 51 57 70 35 63 68 66 23 16 94 46 73 88 79 71 63 77 21 62 15 48 66 38 44 36 11 22 48 79 20 26 14 94 46 62 80 60 73 35 20 70 68 44 1000000 54 41 10 31 63 80 78 26 49 55 49 39 29 92 62 50 98 70 29 37 74 59 41 6 64 60 70 100 49 25 86 31 24 53 32 47 22 78 52 32 50 95 24
49 20 12 61 12 24 47 42 39 56 29 25 16 53 30 41 51 23 36 19 53 53 61 39 38 49 21 46 31 38 41 30 46 26 20 23 69 14 35 29 28 32 43 27 47 45 33 45 15 46 25 54 39 46 47 41 47 34 64 39 64 63 60 65 53 32 19 30 74 25 25 51 65 47 9 24 42 30 33 16 41 39 71 68 48 19 22 22 19 61 58 54 43 50 54 64 45 10 23 27 28 19 57 39 22 53 16 54 1000000 18 45 68 16 44 26 28 6 46 46 44 57 38 68 12 45 17 55 47 20 26 51 48 26 28 20 46 8 49 36 50 40 11 55 25 34 25 43 56 6 45 33
66 37 10 43 24 13 42 60 23 41 46 42 34 36 42 39 40 17 18 19 36 38 44 22 40 30 4 40 13 21 58 28 41 34 8 40 51 17 48 44 14 49 50 10 40 32 18 34 33 57 11 51 24 53 64 27 42 50 46 40 53 52 49 61 57 42 37 12 58 41 41 33 54 53 14 41 60 39 49 23 56 31 54 55 32 36 4 27 8 45 41 57 42 43 36 52 53 18 38 45 41 35 39 31 30 42 4 41 18 1000000 33 62 33 42 43 19 12 32 30 45 39 53 52 23 59 34 51 47 36 39 52 34 25 22 30 60 10 43 46 32 23 13 51 12 19 38 49 52 17 54 25
80 65 42 37 55 21 17 79 16 55 63 60 59 22 73 24 64 22 30 28 44 13 24 22 33 31 30 18 32 17 73 60 18 66 40 57 54 32 55 73 19 74 82 26 14 53 15 57 55 59 40 30 45 86 79 48 72 65 50 72 21 19 17 35 45 47 60 29 65 58 57 25 21 86 36 63 78 71 61 55 67 11 63 23 47 56 31 34 27 20 27 42 73 15 28 20 86 36 52 70 50 64 37 11 62 65 36 10 45 33 1000000 32 53 74 68 16 40 52 46 31 32 82 62 40 89 61 25 30 64 49 35 6 57 53 62 91 40 20 78 32 22 45 28 40 15 69 43 28 40 87 14
87 87 70 64 80 49 21 90 48 87 75 75 79 50 98 29 96 46 62 49 75 38 48 54 37 62 60 23 64 49 82 90 22 93 70 71 82 54 62 96 49 91 110 57 22 85 46 89 74 59 71 19 77 113 87 80 103 76 80 101 20 20 20 10 36 55 79 61 94 72 70 54 18 114 60 79 89 97 71 82 74 31 93 23 78 73 61 49 54 40 53 31 103 19 57 20 113 58 65 89 60 86 66 31 89 97 65 31 68 62 32 1000000 71 104 87 43 66 84 78 30 60 104 93 59 113 82 13 26 86 60 27 35 87 84 88 114 66 20 104 62 53 72 16 71 47 93 43 14 63 113 37
33 19 28 76 22 35 51 27 52 72 13 9 10 66 33 42 66 32 51 25 68 64 73 53 35 63 36 49 46 50 25 43 49 34 35 8 84 22 22 28 39 21 50 41 52 61 45 61 4 34 41 54 55 53 31 57 60 18 79 50 71 69 67 65 47 22 8 45 90 9 9 64 71 54 20 10 27 37 18 28 25 45 87 75 64 3 37 21 31 72 71 50 54 54 68 70 50 18 10 18 17 20 71 44 32 69 31 63 16 33 53 71 1000000 56 16 37 22 62 62 42 71 34 84 13 44 13 57 46 18 15 49 58 39 43 29 45 24 51 40 65 54 27 55 41 46 28 36 57 16 50 39
84 42 35 66 34 56 84 73 60 42 67 62 48 68 31 81 26 59 47 59 49 75 76 55 80 56 44 83 42 58 76 15 83 23 34 62 62 55 77 39 55 56 20 48 83 31 59 26 52 89 34 93 34 22 82 32 9 71 57 6 94 92 90 103 96 75 53 45 60 64 65 63 94 21 49 58 74 23 73 28 80 74 56 95 41 57 43 64 50 81 71 97 1 85 64 93 26 52 65 52 71 39 60 73 24 27 39 80 44 42 74 104 56 1000000 52 61 41 33 39 86 65 46 53 56 43 45 93 88 42 69 92 74 18 20 28 43 41 86 27 57 56 34 93 33 59 34 86 95 49 27 68
32 11 36 87 23 49 67 21 65 78 18 15 10 79 23 58 69 47 61 40 77 78 86 65 51 74 47 65 56 63 25 43 65 29 43 17 93 36 33 16 53 6 41 53 68 66 58 64 13 45 48 70 62 43 30 62 59 22 87 46 87 85 83 81 62 36 8 55 97 18 20 76 87 45 33 9 22 30 26 29 30 60 93 90 71 14 47 38 44 86 84 65 51 70 79 86 39 32 23 2 31 13 82 60 29 71 41 78 26 43 68 87 16 52 1000000 52 32 67 68 58 82 19 90 29 29 10 73 62 11 29 64 72 40 46 25 30 33 67 30 76 66 33 71 48 60 19 51 73 29 39 55
66 48 28 44 39 6 22 63 18 53 47 45 43 31 57 22 57 5 25 12 44 27 37 22 26 33 17 21 25 17 58 47 22 51 27 42 57 16 42 57 8 57 68 17 21 47 10 50 39 49 29 33 38 71 64 42 61 50 52 59 36 35 32 42 41 35 44 21 66 43 41 31 37 72 20 47 62 56 47 40 54 12 64 39 43 40 19 20 12 35 36 40 61 24 35 36 71 20 37 54 36 47 41 12 47 59 22 26 28 19 16 43 37 61 52 1000000 25 46 42 28 38 66 62 24 73 44 32 29 48 35 34 21 44 41 46 75 24 25 62 35 22 30 32 30 12 53 36 33 23 71 6
55 25 7 55 14 20 45 49 33 50 35 31 22 47 33 41 46 20 29 18 46 48 55 33 39 42 15 44 24 32 47 27 44 27 13 29 62 13 39 33 22 38 44 21 45 40 28 40 21 50 19 53 33 47 53 35 44 40 57 37 61 59 57 64 55 36 26 24 68 31 31 45 61 48 8 30 49 31 39 16 46 36 64 64 42 25 15 23 14 56 52 55 40 48 48 60 46 11 29 33 33 24 50 36 23 48 9 49 6 12 40 66 22 41 32 25 1000000 40 39 45 50 42 62 15 49 23 54 47 25 30 51 43 23 24 22 50 2 47 38 44 34 7 53 19 29 29 45 55 8 47 30
95 57 34 34 44 41 67 87 36 11 75 70 59 38 55 68 13 46 22 50 16 48 46 30 71 25 31 66 21 35 87 28 67 44 27 69 29 49 79 60 38 73 51 30 64 2 38 8 60 89 21 78 8 54 93 5 27 80 24 36 69 68 66 86 87 74 64 25 30 71 71 34 70 53 46 68 87 47 79 39 86 57 26 69 8 64 29 59 39 52 40 86 34 66 33 68 57 49 68 68 72 55 28 56 41 14 32 55 46 32 52 84 62 33 67 46 40 1000000 6 74 33 69 23 55 70 58 76 75 57 70 80 50 29 22 44 71 38 69 54 26 30 35 77 21 38 54 80 78 48 58 52
95 59 34 28 46 38 62 87 30 11 75 70 60 32 58 64 19 43 17 48 10 42 40 24 67 19 28 61 18 30 87 32 62 47 26 69 25 47 77 63 34 74 56 26 59 8 34 14 60 87 21 73 7 59 93 8 33 79 20 41 63 62 60 81 83 72 64 21 29 70 70 27 64 58 44 69 88 51 78 41 86 52 25 63 3 64 27 56 36 46 34 82 39 61 27 62 62 48 68 69 71 57 22 51 44 20 30 49 46 30 46 78 62 39 68 42 39 6 1000000 70 27 72 23 53 74 59 71 71 59 68 76 44 33 26 47 75 38 64 58 20 25 36 72 21 33 57 77 73 47 63 48
57 60 50 68 56 33 16 60 43 81 45 45 52 54 73 8 84 29 53 27 71 44 56 49 7 60 45 15 53 43 52 71 15 70 53 42 84 31 32 69 36 62 87 45 20 75 37 78 46 30 56 12 67 91 57 70 87 46 79 82 38 37 35 23 13 25 51 50 94 42 40 55 38 92 37 50 59 74 40 60 44 21 91 43 72 44 46 23 37 50 58 12 85 20 59 38 89 34 36 61 30 60 67 21 66 87 47 39 44 45 31 30 42 86 58 28 45 74 70 1000000 63 76 90 33 86 55 17 4 60 31 7 37 67 67 65 87 45 15 80 61 49 52 14 57 39 68 14 16 39 89 23
103 75 48 5 62 37 49 98 21 30 83 79 73 10 78 55 45 42 22 49 18 22 15 18 63 9 35 50 28 22 95 55 50 68 41 77 22 51 81 81 33 88 80 30 46 35 28 41 71 87 37 61 30 83 101 33 59 87 20 66 42 42 40 66 76 73 76 27 34 78 77 8 44 83 51 80 98 72 84 59 91 42 33 41 25 74 35 57 40 22 8 73 65 47 4 42 85 54 74 84 74 73 6 42 64 46 42 29 57 39 32 60 71 65 82 38 50 33 27 63 1000000 91 33 59 95 73 57 62 75 72 67 27 54 48 66 96 49 52 80 7 17 50 59 37 26 75 73 60 55 86 41
46 17 43 95 29 62 83 33 76 80 36 34 25 89 15 75 67 61 69 56 82 90 97 74 69 82 57 82 63 74 41 42 82 25 50 36 97 51 52 10 65 18 29 63 84 68 70 64 30 64 54 87 65 30 44 65 54 39 92 39 102 100 98 99 81 55 26 64 99 37 39 86 102 32 46 28 36 23 44 32 47 76 95 105 75 32 56 55 56 98 93 84 45 86 88 101 25 46 42 17 49 19 89 76 28 70 50 92 38 53 82 104 34 46 19 66 42 69 72 76 91 1000000 92 45 10 22 91 80 18 48 83 86 40 47 25 12 44 84 19 84 75 40 89 54 71 16 69 91 42 24 70
117 81 56 30 68 59 79 110 47 13 97 93 82 43 78 83 27 64 37 70 19 55 48 42 88 31 50 79 40 47 109 50 80 67 49 92 14 69 100 84 55 96 72 47 76 25 53 28 83 109 43 91 29 74 115 28 44 102 14 57 75 75 73 97 104 94 87 42 7 93 93 39 77 73 67 91 110 70 101 62 108 70 3 74 21 87 49 78 58 55 41 102 53 78 36 75 78 70 90 91 93 78 27 70 64 26 53 62 68 52 62 93 84 53 90 62 62 23 23 90 33 92 1000000 76 93 81 87 90 80 91 96 59 52 46 68 93 60 82 76 31 42 58 90 43 51 77 98 90 69 79 67
44 28 22 64 24 22 39 39 39 64 24 21 20 53 40 31 61 19 40 12 59 50 60 41 26 52 26 37 36 38 36 42 37 37 28 18 74 9 24 37 27 34 55 30 40 54 32 55 16 35 33 43 47 58 42 49 59 28 69 51 58 57 54 55 41 20 21 34 81 19 18 52 58 59 9 23 39 41 26 28 33 32 78 62 55 16 27 10 19 59 59 43 55 42 56 58 56 6 15 30 18 27 60 32 34 64 23 50 12 23 40 59 13 56 29 24 15 55 53 33 59 45 76 1000000 53 22 46 37 27 15 40 45 38 39 32 55 17 40 46 54 42 22 45 34 34 35 31 46 7 56 26
56 26 49 98 35 69 92 43 81 81 47 44 34 94 17 84 67 68 73 64 84 96 102 79 78 85 62 90 67 80 51 43 90 27 54 47 99 59 62 17 71 28 24 68 92 69 77 65 40 74 58 97 68 24 54 67 51 50 94 37 109 108 105 108 91 65 36 69 100 47 49 90 110 25 54 38 46 23 54 36 58 84 96 112 77 42 62 64 63 104 98 94 42 95 93 109 18 55 52 27 60 26 92 84 31 69 55 98 45 59 89 113 44 43 29 73 49 70 74 86 95 10 93 53 1000000 31 99 90 27 58 92 92 42 49 29 1 50 93 16 87 81 46 98 58 78 20 80 100 50 17 78
39 6 26 77 14 41 61 29 56 68 22 17 4 70 20 53 60 39 51 34 67 69 77 56 47 64 38 59 46 54 32 35 60 22 33 18 83 29 34 15 44 16 37 44 62 57 50 55 9 47 38 65 52 40 37 53 51 26 78 39 80 78 76 77 61 35 8 46 87 20 21 67 80 41 25 13 30 24 29 19 35 54 83 83 61 13 38 33 35 77 75 63 44 64 70 79 36 24 23 11 30 7 72 53 21 62 31 70 17 34 61 82 13 45 10 44 23 58 59 55 73 22 81 22 31 1000000 68 58 5 28 61 64 31 36 17 33 24 62 27 66 57 23 67 39 51 15 49 69 21 37 48
75 74 58 61 67 37 9 77 41 80 62 61 66 47 85 15 87 34 54 36 69 35 46 47 24 56 49 10 55 41 69 78 10 81 59 58 79 41 49 83 38 78 98 47 12 77 37 81 61 47 61 7 68 101 74 72 93 63 75 90 23 22 21 11 26 42 65 51 90 58 56 49 22 102 47 66 75 85 57 69 62 20 88 28 71 59 50 36 43 39 50 21 92 10 53 23 100 45 52 75 46 73 62 20 77 89 54 29 55 51 25 13 57 93 73 32 54 76 71 17 57 91 87 46 99 68 1000000 13 73 47 16 29 75 73 76 101 54 7 91 57 46 60 4 61 38 80 31 3 50 101 25
62 64 53 67 60 35 14 65 43 81 50 50 56 52 76 8 86 30 54 29 71 42 54 49 12 60 46 12 54 43 56 73 12 73 55 46 83 34 36 73 37 67 91 46 17 76 38 79 50 34 58 7 67 94 61 71 89 50 79 84 35 34 32 19 15 29 55 50 93 46 44 54 34 95 39 54 63 77 45 63 49 20 91 40 72 48 48 26 39 48 56 12 87 17 58 34 92 37 40 65 34 64 66 20 69 88 49 37 47 47 30 26 46 88 62 29 47 75 71 4 62 80 90 37 90 58 13 1000000 63 35 5 35 70 69 68 91 48 11 83 60 48 54 10 58 39 71 18 12 42 93 23
42 1 27 79 13 44 66 31 58 68 26 22 8 72 15 58 58 43 53 38 68 72 80 58 52 66 40 64 47 57 35 33 64 19 34 23 84 33 39 10 47 16 32 46 66 56 53 54 14 51 39 70 52 35 40 52 48 30 78 36 84 82 80 82 66 40 12 48 87 24 26 69 84 37 28 16 33 20 33 18 39 58 83 87 61 18 40 37 38 80 77 68 41 68 72 83 32 28 27 11 35 2 74 57 19 61 33 74 20 36 64 86 18 42 11 48 25 57 59 60 75 18 80 27 27 5 73 63 1000000 33 66 68 29 35 15 28 26 66 22 68 59 24 71 39 54 10 54 73 24 32 52
31 33 37 78 35 35 42 31 52 79 15 15 24 66 47 32 76 31 55 23 74 61 71 55 23 66 41 40 51 51 24 56 40 48 44 12 89 22 9 42 40 32 64 45 44 70 45 70 19 20 49 42 62 67 30 65 73 17 84 63 64 62 60 54 33 8 22 49 96 12 10 65 64 68 24 20 29 51 12 40 19 39 93 68 70 15 42 16 34 69 71 36 68 46 69 63 64 21 6 31 3 34 74 39 46 79 38 59 26 39 49 60 15 69 29 35 30 70 68 31 72 48 91 15 58 28 47 35 33 1000000 36 54 51 54 43 59 32 42 55 68 55 37 44 49 46 42 22 46 22 64 35
61 67 57 72 63 40 18 65 48 86 50 51 58 57 79 13 91 35 59 34 77 47 59 54 14 65 51 17 59 48 56 78 17 77 60 48 88 38 36 76 42 68 94 51 22 81 43 84 53 32 63 9 73 97 60 76 94 51 84 89 38 37 36 18 10 29 57 56 99 48 46 59 37 98 43 56 63 81 45 66 48 25 97 43 77 50 53 30 44 52 62 6 92 22 63 38 96 41 41 66 35 67 71 26 73 93 54 41 51 52 35 27 49 92 64 34 51 80 76 7 67 83 96 40 92 61 16 5 66 36 1000000 41 74 74 71 94 52 16 86 66 54 58 12 63 44 75 16 13 45 96 29
85 68 44 32 58 24 22 84 15 52 68 65 63 17 76 30 62 26 28 33 41 7 19 20 39 28 31 23 32 16 78 61 24 68 41 62 49 36 61 76 21 78 84 27 19 51 16 56 60 64 40 34 43 87 84 47 71 70 46 73 20 19 16 39 50 53 65 29 60 63 62 20 21 87 40 67 83 73 66 57 73 17 59 21 44 61 32 39 30 14 21 47 73 20 23 19 88 41 57 74 55 67 32 17 64 63 38 6 48 34 6 35 58 74 72 21 43 50 44 37 27 86 59 45 92 64 29 35 68 54 41 1000000 58 54 64 94 42 25 80 28 19 47 32 41 16 72 49 32 44 89 19
70 30 17 57 18 38 66 60 45 40 52 47 34 55 25 63 29 41 34 41 43 61 64 41 62 45 27 65 28 43 62 4 65 15 17 47 58 36 60 31 39 45 26 32 65 28 42 25 36 72 18 75 26 29 68 25 21 56 53 15 78 76 74 86 78 58 38 31 59 48 49 51 78 29 31 43 62 19 57 12 64 56 55 80 35 41 26 46 32 67 59 78 17 68 53 77 31 34 48 40 54 27 51 56 12 31 22 64 26 25 57 87 39 18 40 44 23 29 33 67 54 40 52 38 42 31 75 70 29 51 74 58 1000000 7 15 43 22 68 26 47 42 16 75 18 43 25 68 77 31 32 50
75 36 17 51 23 36 64 66 40 33 56 51 39 49 32 62 23 39 28 40 36 56 58 36 62 39 24 63 23 39 67 7 63 22 14 51 51 37 63 38 35 51 32 28 63 21 39 19 41 74 14 74 19 35 73 18 20 61 46 19 74 72 70 84 78 60 43 25 52 52 52 45 74 35 32 48 67 26 61 17 68 54 48 75 28 45 23 47 30 62 53 78 20 65 47 73 37 35 51 46 56 33 45 53 19 26 20 60 28 22 53 84 43 20 46 41 24 22 26 67 48 47 46 39 49 36 73 69 35 54 74 54 7 1000000 22 50 23 66 33 40 37 17 73 13 39 31 69 75 32 38 48
57 15 20 70 8 41 67 46 53 55 39 34 21 65 12 61 44 42 44 39 56 68 74 51 58 57 34 66 39 51 49 19 66 6 25 35 72 34 50 16 43 30 23 39 67 43 48 40 25 63 29 74 40 26 54 40 34 44 67 22 82 81 78 85 73 50 25 40 74 36 38 62 83 27 29 30 47 9 46 7 52 58 70 85 50 30 33 42 35 75 69 74 26 69 64 82 25 30 38 25 45 12 64 58 4 47 27 70 20 30 62 88 29 28 25 46 22 44 47 65 66 25 68 32 29 17 76 68 15 43 71 64 15 22 1000000 30 22 69 16 59 52 17 75 29 49 10 62 76 26 25 52
56 27 50 99 36 70 93 44 83 82 48 45 36 95 18 86 67 70 74 65 85 98 104 81 80 87 63 91 69 81 52 44 92 28 55 48 100 60 63 18 73 29 24 69 94 69 78 65 41 75 59 98 69 24 55 68 52 51 95 38 111 109 107 110 92 67 37 70 100 48 50 92 111 25 55 39 47 24 56 38 59 85 96 114 78 44 63 65 64 105 100 95 42 96 94 110 18 56 53 28 61 28 94 85 32 69 56 100 46 60 91 114 45 43 30 75 50 71 75 87 96 12 93 55 1 33 101 91 28 59 94 94 43 50 30 1000000 51 94 17 89 82 47 99 59 79 22 81 101 52 17 79
57 27 6 53 15 19 45 50 32 48 37 33 24 46 33 41 44 20 27 18 45 47 54 32 39 40 14 44 22 30 49 26 44 27 12 31 61 14 41 34 21 39 44 20 45 38 27 38 23 52 17 53 31 47 55 33 43 42 55 37 60 59 56 64 56 37 28 22 66 33 33 43 61 48 9 32 51 31 41 16 48 36 63 63 40 27 14 24 13 54 51 56 40 47 46 59 47 12 30 35 34 25 49 35 23 47 8 49 8 10 40 66 24 41 33 24 2 38 38 45 49 44 60 17 50 24 54 48 26 32 52 42 22 23 22 51 1000000 47 38 42 33 6 54 17 28 30 46 55 10 47 29
71 67 51 57 60 30 3 72 35 74 57 56 59 42 78 10 80 27 47 29 63 31 43 41 20 51 42 3 48 35 65 71 3 74 52 52 74 34 45 76 31 72 91 40 6 70 31 74 54 45 53 10 62 94 70 65 86 58 70 83 24 22 21 18 26 37 59 45 84 53 51 45 23 95 40 60 71 78 53 62 58 13 83 29 65 53 43 30 36 36 46 22 85 6 48 23 93 39 47 69 42 67 57 13 69 82 46 25 49 43 20 20 51 86 67 25 47 69 64 15 52 84 82 40 93 62 7 11 66 42 16 25 68 66 69 94 47 1000000 84 51 40 53 8 54 32 74 28 9 43 94 18
61 22 36 83 24 57 83 49 68 64 48 44 30 80 8 77 50 58 58 55 68 83 88 65 72 70 49 81 53 66 55 27 82 12 40 45 83 50 61 15 59 33 11 55 83 52 64 48 36 74 43 89 52 13 59 50 36 52 78 21 98 97 94 101 87 62 34 55 83 46 48 76 99 15 44 38 51 7 55 23 60 74 79 101 61 40 48 57 51 91 84 89 26 85 78 98 9 46 50 29 57 20 77 74 16 52 42 86 36 46 78 104 40 27 30 62 38 54 58 80 80 19 76 46 16 27 91 83 22 55 86 80 26 33 16 17 38 84 1000000 72 67 33 90 43 65 12 76 92 42 10 68
97 68 41 11 55 32 49 92 18 25 77 74 66 13 71 54 39 38 15 44 13 24 20 13 60 2 29 49 21 18 89 47 49 61 34 71 23 45 76 74 28 82 73 24 46 28 24 34 65 83 30 61 23 76 96 26 52 81 19 58 45 44 43 67 74 69 70 20 33 73 72 8 46 75 46 74 92 65 79 52 86 40 31 44 19 68 29 53 34 27 14 72 57 47 7 44 78 48 68 77 69 66 7 40 57 40 35 31 50 32 32 62 65 57 76 35 44 26 20 61 7 84 31 54 87 66 57 60 68 68 66 28 47 40 59 89 42 51 72 1000000 13 44 59 30 23 68 70 60 49 79 38
85 59 32 22 47 20 38 81 6 34 66 62 56 13 64 41 43 25 10 32 23 19 22 1 47 11 19 38 14 6 77 44 38 55 27 60 35 33 64 66 16 72 69 13 35 32 12 37 54 70 24 50 24 72 84 28 53 70 31 56 39 38 36 57 62 57 59 12 45 61 60 11 40 72 34 63 81 59 67 44 74 29 43 39 25 57 19 41 22 25 18 60 56 37 14 38 73 36 56 67 57 57 19 28 50 44 26 24 40 23 22 53 54 56 66 22 34 30 25 49 17 75 42 42 81 57 46 48 59 55 54 19 42 37 52 82 33 40 67 13 1000000 35 48 24 10 61 58 49 38 74 26
59 25 3 55 12 24 51 51 36 46 40 35 24 48 29 47 40 26 29 25 44 51 57 34 46 42 16 50 23 34 51 20 50 21 10 34 60 20 45 31 26 39 38 22 51 35 31 34 25 57 15 60 29 41 57 30 37 44 55 30 65 64 61 70 62 42 28 24 64 35 36 45 66 42 15 33 52 26 44 10 51 42 61 68 38 29 16 30 18 58 53 62 33 53 48 65 41 18 34 34 39 23 49 41 17 42 9 53 11 13 45 72 27 34 33 30 7 35 36 52 50 40 58 22 46 23 60 54 24 37 58 47 16 17 17 47 6 53 33 44 35 1000000 60 15 32 25 52 61 15 42 35
71 72 58 64 67 38 11 74 43 82 59 59 64 49 84 13 88 34 55 36 71 38 49 49 21 59 50 11 56 43 66 79 11 80 59 56 81 40 46 81 39 76 97 48 14 78 39 82 59 44 61 3 70 100 71 73 93 60 78 90 27 26 25 11 22 39 63 53 92 56 54 52 26 101 46 64 73 84 55 69 58 21 91 32 73 57 51 34 43 43 53 17 92 12 56 27 99 44 49 74 44 72 64 21 76 90 54 32 55 51 28 16 55 93 71 32 53 77 72 14 59 89 90 45 98 67 4 10 71 44 12 32 75 73 75 99 54 8 90 59 48 60 1000000 62 40 79 27 2 49 100 26
74 40 13 41 26 24 52 67 27 31 54 50 40 37 41 51 28 28 16 31 28 43 46 23 52 28 12 51 10 25 66 20 51 31 6 48 45 28 58 45 23 54 44 15 50 21 26 22 40 68 0 62 14 47 72 16 32 59 39 32 60 59 57 72 69 53 44 12 49 50 50 33 61 47 25 48 67 35 58 22 65 41 46 62 23 44 11 39 20 49 41 68 33 53 35 60 49 28 48 49 51 37 35 41 27 31 11 47 25 12 40 71 41 33 48 30 19 21 21 57 37 54 43 34 58 39 61 58 39 49 63 41 18 13 29 59 17 54 43 30 24 15 62 1000000 26 39 60 63 27 50 36
77 54 29 32 43 11 29 73 6 42 58 54 50 20 61 32 49 16 16 23 32 19 27 10 37 21 16 29 17 5 69 45 29 53 26 52 45 25 54 62 7 66 68 11 27 39 2 43 48 61 25 41 30 72 75 34 57 61 41 57 35 34 31 49 52 47 53 14 55 53 52 19 36 72 27 56 73 58 58 42 65 19 53 37 33 49 17 31 16 27 25 50 58 29 23 34 72 29 48 61 48 53 29 19 49 51 23 22 34 19 15 47 46 59 60 12 29 38 33 39 26 71 51 34 78 51 38 39 54 46 44 16 43 39 49 79 28 32 65 23 10 32 40 26 1000000 57 48 41 31 73 16
51 10 29 79 14 48 72 39 61 65 36 32 18 74 5 66 53 48 53 44 66 76 82 59 61 66 42 71 48 59 44 27 71 11 34 33 82 39 49 6 51 23 23 48 73 52 56 49 24 61 39 78 50 25 49 49 41 40 77 27 89 88 85 90 75 50 22 49 84 34 36 71 90 27 34 26 41 11 43 17 48 64 80 92 59 28 41 45 42 84 78 77 32 75 73 88 22 35 37 18 45 8 74 64 13 55 35 78 25 38 69 93 28 34 19 53 29 54 57 68 75 16 77 35 20 15 80 71 10 42 75 72 25 31 10 22 30 74 12 68 61 25 79 39 57 1000000 64 81 31 22 58
45 55 52 78 54 40 30 49 53 88 35 36 46 64 68 20 89 34 61 30 80 56 68 58 11 69 49 28 59 52 40 72 28 68 56 33 93 32 20 64 43 54 85 51 33 80 46 82 40 17 60 24 72 88 44 75 89 35 88 81 52 51 49 34 12 15 44 56 102 33 31 65 51 89 37 42 47 71 29 58 32 32 100 57 78 37 51 22 41 63 69 15 85 34 69 52 85 34 28 53 20 55 77 32 65 91 50 52 43 49 43 43 36 86 51 36 45 80 77 14 73 69 98 31 80 49 31 18 54 22 16 49 68 69 62 81 46 28 76 70 58 52 27 60 48 64 1000000 29 38 85 32
73 74 60 64 68 39 12 76 43 83 61 61 66 50 86 15 89 36 56 37 72 38 49 49 23 59 51 12 57 44 68 80 12 82 61 57 82 42 48 83 40 78 99 49 14 79 40 83 61 45 62 4 71 102 73 74 94 62 78 91 26 25 24 9 23 40 65 54 93 58 56 53 25 103 48 65 74 86 56 71 60 22 91 31 74 59 52 36 44 42 53 18 94 13 56 26 101 46 51 75 45 74 65 22 78 91 55 32 56 52 28 14 57 95 73 33 55 78 73 16 60 91 90 46 100 69 3 12 73 46 13 32 77 75 76 101 55 9 92 60 49 61 2 63 41 81 29 1000000 50 102 27
49 25 15 60 18 20 42 43 36 57 29 25 19 50 35 35 54 18 35 13 53 49 58 37 32 47 20 40 30 35 41 35 40 32 21 23 69 9 31 34 24 35 49 25 42 47 30 48 17 42 26 48 40 52 47 42 51 33 63 44 59 58 55 59 48 28 22 29 75 24 24 48 60 53 4 25 43 36 31 21 39 33 72 63 49 19 21 16 16 57 55 49 48 44 52 59 51 4 21 30 25 24 55 33 28 56 16 50 6 17 40 63 16 49 29 23 8 48 47 39 55 42 69 7 50 21 50 42 24 22 45 44 31 32 26 52 10 43 42 49 38 15 49 27 31 31 38 50 1000000 51 27
69 31 44 89 33 66 92 57 76 68 57 53 40 87 17 87 52 67 65 64 73 92 96 73 82 77 57 91 60 74 63 32 91 21 48 55 87 59 71 24 68 40 7 63 92 56 72 52 46 83 50 99 57 6 67 55 36 61 82 23 107 106 103 110 97 72 44 62 86 56 57 83 108 8 54 47 59 16 64 32 69 83 82 110 65 50 56 66 60 99 91 99 26 95 85 106 1 55 59 38 67 30 83 83 25 54 51 95 45 54 87 113 50 27 39 71 47 58 63 89 86 24 79 56 17 37 101 93 32 64 96 89 32 38 25 17 47 94 10 79 74 42 100 50 73 22 85 102 51 1000000 77
66 52 33 46 44 12 16 65 21 58 48 46 46 33 62 16 62 10 30 14 48 26 37 26 22 37 24 15 31 20 59 53 16 56 34 43 61 19 42 61 14 60 73 23 15 53 14 56 42 46 35 27 44 77 65 48 67 51 57 65 32 30 28 36 36 34 47 27 71 44 42 33 32 77 24 49 64 61 47 45 53 6 68 36 49 42 25 20 17 34 38 35 67 18 37 31 76 23 38 57 36 51 44 6 52 65 28 24 33 25 14 37 39 68 55 6 30 52 48 23 41 70 67 26 78 48 25 23 52 35 29 19 50 48 52 79 29 18 68 38 26 35 26 36 16 58 32 27 27 77 1000000
