150 75 109 250 8
2 3 2 2 2 1 2 2 1 4 1 2 2 4 2 1 3 2 1 3 1 2 1 1 2 1 1 1 1 4 2 2 2 4 1 3 1 1 3 3 1 2 2 1 1 3 3 3 3 2 2 1 1 1 2 2 1 1 4 1 1 1 3 4 3 2 3 1 1 4 2 1 2 3 3 
2 1 2 1 2 1 2 2 1 2 1 2 2 3 1 1 1 1 1 2 1 1 1 1 1 1 1 1 1 3 1 1 2 2 1 1 1 1 1 1 1 1 2 1 1 1 3 3 3 2 2 1 1 1 2 1 1 1 4 1 1 1 1 4 2 1 1 1 1 2 1 1 1 2 1 
30 30 29 29 28 28 28 28 27 27 26 26 25 25 25 25 24 24 24 24 23 23 23 22 21 21 21 21 21 21 20 20 19 18 18 17 17 17 17 17 17 17 16 15 14 14 14 13 13 12 11 11 11 11 10 10 10 10 10 10 9 9 9 9 9 8 8 8 8 7 7 7 6 6 5 
1000000 45 71 44 68 45 23 6 37 32 54 27 53 44 67 51 27 46 42 31 62 29 24 69 28 68 36 57 17 38 70 5 28 66 21 66 50 54 64 44 80 67 66 67 13 73 37 79 73 10 13 16 6 46 16 53 26 82 5 79 28 12 60 48 82 15 69 77 33 31 38 38 65 39 68 15 22 46 77 85 77 27 78 23 40 66 27 22 55 54 8 41 61 43 48 13 67 17 14 32 11 12 16 45 8 39 21 32 21 41 81 72 76 85 62 21 49 65 55 31 9 70 38 27 61 69 40 45 12 39 17 27 78 54 8 41 74 40 44 83 17 64 70 58 43 16 29 66 76 13 11
22 1000000 6 81 80 11 38 67 76 73 57 13 68 78 59 56 75 53 81 51 47 10 62 79 22 21 43 67 13 20 68 11 40 45 82 35 10 77 5 67 8 42 61 84 61 75 56 18 5 8 69 7 23 63 74 51 31 16 70 39 60 50 48 23 60 5 80 6 74 48 69 73 71 84 13 23 83 5 40 34 41 78 64 37 34 84 63 22 82 85 74 81 25 12 82 35 30 40 52 50 65 52 29 85 39 77 51 43 23 66 41 44 21 63 58 13 65 68 58 25 60 68 77 63 81 73 24 51 6 12 17 34 84 56 21 57 7 43 44 75 25 49 44 38 48 39 75 42 56 28 83
9 22 1000000 70 61 52 72 43 70 23 14 52 10 57 60 70 11 32 53 55 30 37 84 84 61 18 5 27 29 85 73 28 17 71 35 14 19 24 53 68 19 32 35 8 7 42 24 29 50 25 13 15 10 54 82 20 32 28 8 32 30 40 49 67 11 29 40 22 32 79 82 52 6 31 82 28 67 47 85 51 46 15 68 51 85 41 73 33 14 20 24 7 25 65 65 9 84 36 29 48 39 70 75 52 29 35 22 77 70 16 38 54 60 83 51 42 31 31 81 76 50 53 5 22 70 18 62 13 82 71 39 68 43 80 46 64 50 26 29 47 74 39 54 83 69 58 84 51 14 30 11
66 78 70 1000000 66 48 42 68 16 33 45 17 16 73 62 47 79 44 35 18 20 23 60 12 45 24 72 37 75 47 44 48 53 10 46 68 28 64 84 12 78 75 17 32 59 56 82 6 34 40 14 10 47 18 78 27 73 56 10 42 14 33 29 47 58 38 62 8 61 69 19 78 25 69 43 85 65 58 10 12 82 69 73 65 73 46 66 53 54 78 34 69 71 50 17 82 69 79 7 79 20 33 10 46 54 40 83 44 24 33 44 31 43 73 42 59 47 69 60 62 37 20 62 59 73 80 83 65 64 15 66 38 66 9 67 73 84 34 41 50 33 10 6 19 55 27 54 23 8 39 55
10 49 10 66 1000000 33 30 45 42 30 33 25 57 62 50 69 28 26 24 54 21 19 6 50 52 18 23 62 20 81 40 19 35 14 72 84 34 5 85 64 6 26 69 85 11 13 72 19 33 44 79 32 53 62 56 24 37 23 35 28 8 19 19 29 59 56 43 23 32 48 48 55 5 53 43 83 68 17 61 20 62 57 66 5 31 77 31 60 72 81 84 25 42 52 6 66 51 79 23 76 60 11 71 12 21 46 76 48 41 37 15 49 41 10 43 21 14 63 76 13 50 10 31 10 80 18 18 51 7 38 10 35 41 65 29 68 30 79 15 59 29 75 31 22 51 37 65 62 26 76 33
53 9 16 47 32 1000000 69 76 41 24 17 80 60 43 23 69 32 25 18 70 6 7 5 38 26 78 67 9 8 82 45 63 44 49 83 36 14 20 80 81 38 42 29 37 78 53 71 23 6 18 37 22 81 56 46 30 51 71 23 20 50 33 44 6 35 58 77 20 80 60 69 8 55 26 61 30 84 58 32 15 11 39 43 47 54 76 15 26 84 76 20 35 45 28 48 58 36 24 77 36 9 77 16 66 21 56 60 10 19 25 31 33 56 43 45 15 51 57 81 7 20 10 53 34 6 7 42 80 29 54 27 23 37 83 29 53 51 84 9 20 40 10 51 50 40 67 20 83 42 20 18
16 13 45 72 20 79 1000000 75 83 65 6 71 84 47 47 23 13 49 71 19 76 79 45 32 33 38 69 80 55 50 55 40 28 77 47 63 72 9 60 50 72 58 38 62 30 63 59 65 23 6 35 21 76 76 22 29 14 61 45 12 62 55 79 47 16 34 70 37 15 64 22 59 23 65 82 8 34 56 47 33 69 49 38 74 35 47 39 52 78 69 15 83 68 12 28 37 79 81 76 73 46 27 43 70 52 62 35 32 81 9 54 29 55 49 82 23 25 76 18 69 33 38 73 25 20 16 57 48 17 56 69 15 72 27 64 26 35 23 85 56 59 50 28 11 23 72 28 18 14 83 70
74 35 49 79 67 39 17 1000000 72 84 55 66 35 24 27 37 48 11 32 42 74 60 6 29 51 7 63 54 40 62 7 73 30 56 63 19 78 28 28 62 14 67 67 44 81 72 67 43 28 14 11 34 8 54 71 28 69 8 8 63 82 70 19 31 64 59 26 53 57 29 80 41 58 20 10 20 8 83 72 50 65 71 20 66 12 32 39 58 41 30 25 63 65 45 61 82 49 67 25 79 36 50 6 13 76 5 67 56 15 14 56 7 63 81 47 40 32 62 19 23 60 84 6 63 8 17 42 77 13 85 54 83 32 42 16 45 69 14 69 32 42 19 63 25 6 29 47 50 29 67 28
44 74 51 68 71 73 47 60 1000000 11 68 30 51 53 52 42 46 47 37 11 54 61 66 53 79 5 48 83 65 79 32 26 33 77 57 70 83 60 33 78 10 10 58 65 41 77 66 7 80 42 66 13 55 27 40 9 30 71 9 80 47 69 33 26 83 31 46 11 82 10 27 81 54 60 63 61 52 75 51 51 9 13 50 68 83 21 54 23 23 22 74 20 41 49 77 47 19 20 8 14 5 26 23 60 21 80 12 70 85 7 74 36 31 66 65 43 73 46 6 82 24 50 5 8 20 23 9 6 74 37 34 77 8 7 16 83 82 78 35 18 45 57 74 33 40 17 14 53 76 5 31
46 59 54 74 16 59 78 39 73 1000000 11 33 75 77 69 64 63 44 31 70 59 80 35 29 20 83 77 33 77 32 80 69 61 46 74 38 48 15 39 63 51 24 31 39 22 23 67 21 83 68 45 75 9 7 27 78 17 63 55 61 70 56 43 7 78 12 7 82 26 34 64 8 18 18 59 39 70 81 23 16 51 61 40 9 9 21 62 22 72 10 30 61 52 50 14 45 29 39 15 6 39 8 76 76 65 71 26 8 7 8 85 42 55 71 45 27 73 12 50 50 15 59 69 31 43 44 60 37 36 59 32 52 55 53 83 22 66 74 28 6 28 79 18 67 85 22 64 79 19 85 69
44 32 39 73 68 43 8 52 20 44 1000000 5 51 11 24 29 46 70 49 41 74 84 20 23 78 44 13 78 43 14 52 32 43 13 56 41 70 47 49 66 54 54 67 60 58 31 57 76 25 40 78 79 33 33 76 71 58 9 64 34 73 20 18 40 52 49 78 19 60 70 5 10 73 68 81 26 66 66 73 74 19 55 17 16 59 73 19 77 75 76 41 12 84 22 55 10 35 18 43 82 67 71 35 31 73 25 36 73 45 78 80 44 28 34 10 14 53 43 78 8 24 31 12 54 40 73 44 66 7 71 39 84 43 62 6 83 5 38 43 29 22 25 74 38 51 28 56 80 12 45 43
36 72 18 14 61 82 10 9 32 68 20 1000000 67 30 20 30 73 13 40 53 62 33 81 70 62 66 18 58 33 54 33 31 34 12 22 23 17 40 66 25 80 48 11 52 54 77 40 51 72 82 24 33 45 42 78 83 49 10 59 37 80 21 79 27 54 65 28 39 37 59 34 79 62 10 47 85 31 60 5 76 40 74 78 66 29 63 40 66 45 71 55 71 14 39 12 22 15 36 64 67 19 64 34 60 34 61 15 64 32 47 62 7 47 62 15 85 72 37 19 30 51 62 32 54 62 61 63 72 21 15 45 71 53 26 26 43 73 26 29 70 80 59 78 19 21 50 82 75 80 35 77
9 32 71 46 11 21 28 78 85 52 14 12 1000000 15 48 14 82 53 82 36 85 73 64 31 19 22 27 44 73 50 58 73 68 20 83 52 62 64 54 32 18 22 39 63 60 26 29 33 58 54 74 45 51 39 78 81 9 47 80 63 13 82 85 12 62 49 40 67 38 34 19 64 10 85 17 76 45 74 32 6 49 25 83 23 23 46 13 48 53 42 58 48 34 47 10 18 12 9 69 67 12 33 66 69 6 73 20 64 22 42 66 75 63 67 40 70 20 38 36 79 71 44 27 68 70 50 72 16 62 73 62 71 37 39 79 11 5 19 38 48 38 66 40 74 11 9 25 32 82 62 30
21 18 9 57 22 20 34 21 6 16 59 57 75 1000000 30 17 71 47 62 29 47 44 76 46 66 21 6 50 23 46 75 52 28 68 75 82 75 70 14 65 85 22 53 72 33 71 11 49 14 27 56 7 20 72 25 26 68 29 74 31 62 83 21 82 23 9 78 19 80 78 60 62 6 75 27 68 30 37 40 18 51 55 6 13 73 49 37 73 31 79 73 22 6 82 71 60 77 34 5 68 5 72 30 40 53 50 39 29 43 62 14 22 65 82 35 29 77 35 45 75 18 33 27 53 56 68 55 33 55 33 40 12 19 82 10 78 26 68 28 44 61 82 51 26 63 78 37 81 47 64 63
71 23 76 11 47 43 6 42 66 65 51 52 44 52 1000000 60 38 40 85 19 84 47 77 40 52 40 32 73 51 29 6 64 17 54 33 84 64 17 82 32 72 11 71 40 43 54 10 39 33 70 62 23 68 50 33 31 33 84 50 50 55 42 71 37 53 24 22 35 42 73 55 63 46 21 21 43 13 52 13 13 10 65 35 66 8 70 8 36 75 13 20 7 6 8 47 61 34 43 10 43 61 57 81 37 76 85 49 46 74 26 77 56 38 83 31 19 71 52 38 79 19 64 28 75 42 21 9 55 44 33 40 72 77 33 36 19 27 8 84 54 62 65 64 21 8 42 18 23 38 29 6
85 11 61 85 82 81 15 16 84 65 18 85 51 24 81 1000000 54 44 70 15 68 35 6 70 42 16 66 65 24 28 23 34 58 43 46 11 49 25 65 17 84 37 43 12 6 31 66 42 45 32 16 79 7 13 68 74 34 30 31 75 15 30 7 11 18 26 41 46 16 21 6 17 63 67 56 31 57 42 60 77 48 85 9 26 37 29 68 21 49 16 60 46 77 57 24 83 22 59 50 31 84 41 14 21 27 13 41 69 32 21 27 26 40 85 60 64 74 31 57 74 16 39 40 64 9 39 17 61 8 76 25 84 42 73 20 25 32 62 44 39 7 65 67 6 12 60 43 43 50 21 21
53 27 77 80 59 47 39 61 32 21 17 43 75 29 67 9 1000000 29 78 8 34 9 79 5 8 38 48 28 37 58 27 34 18 13 74 45 79 78 43 62 32 47 70 45 37 38 81 28 57 46 24 55 18 37 53 56 21 57 61 60 28 42 21 44 14 21 27 44 66 46 82 48 68 8 18 25 14 9 69 40 65 46 84 17 33 24 34 49 67 36 73 34 50 79 49 30 35 52 71 79 13 62 16 61 70 35 55 28 59 55 48 29 76 7 49 51 54 46 78 78 72 71 59 72 64 28 62 32 7 35 41 22 48 81 38 45 42 15 68 47 71 50 31 33 62 41 41 79 22 57 61
58 36 12 11 69 28 11 61 36 65 20 30 64 20 61 15 59 1000000 8 30 20 31 79 47 78 79 42 41 5 19 29 72 57 16 21 66 60 25 68 30 60 69 19 64 21 5 7 53 55 32 29 42 13 83 61 57 46 73 69 42 54 77 74 74 85 58 85 66 50 73 79 42 79 74 72 33 81 50 6 11 76 17 6 12 76 35 66 18 42 58 19 71 11 67 47 50 83 53 35 80 82 18 6 73 70 14 70 56 51 75 21 66 75 21 50 44 19 80 52 28 56 46 37 44 37 58 55 44 18 18 71 57 75 76 11 46 25 40 73 53 75 27 13 34 54 69 25 52 33 18 85
33 10 64 22 26 5 32 57 53 16 54 70 7 59 33 61 78 47 1000000 54 61 53 27 7 75 15 48 7 10 24 36 69 76 73 71 46 19 82 67 76 32 32 17 76 14 39 60 66 17 51 74 81 18 75 71 49 59 68 6 67 62 17 28 38 76 10 35 78 6 12 74 47 60 59 38 36 83 43 79 11 17 46 40 78 15 25 54 69 25 50 65 63 59 72 5 69 18 27 69 52 70 20 56 52 29 25 59 8 33 50 22 10 36 54 10 52 63 32 73 61 65 58 14 34 24 43 78 83 65 42 68 67 53 14 50 85 64 32 68 6 22 47 25 42 47 17 80 78 42 19 83
38 46 74 54 81 35 47 8 9 71 6 26 59 48 69 80 8 84 7 1000000 22 58 11 26 65 34 17 64 64 72 43 60 11 8 20 24 60 47 42 48 48 13 45 28 79 34 72 27 53 58 44 22 70 48 8 19 40 18 20 82 38 35 53 65 83 24 75 35 6 63 16 59 31 71 46 35 21 38 40 53 69 46 84 22 66 57 55 8 76 57 71 80 28 82 6 32 25 61 8 15 17 17 38 48 72 79 60 82 76 76 41 30 15 14 13 37 57 13 62 26 16 58 6 49 33 33 84 64 26 30 22 12 72 28 84 38 56 82 78 53 52 84 43 39 81 31 83 48 64 31 67
82 35 47 41 20 29 42 9 75 78 85 53 65 24 49 84 33 48 70 16 1000000 68 44 19 78 22 42 8 22 71 72 14 61 85 76 83 44 29 38 64 27 28 64 66 84 9 52 32 61 68 70 65 6 31 27 38 38 21 50 30 12 34 55 34 80 40 78 68 46 27 32 17 53 16 32 11 61 73 84 19 55 71 60 84 72 35 22 84 33 83 46 45 12 12 40 78 66 72 32 77 73 23 39 9 84 46 28 85 85 70 42 20 69 85 23 39 70 81 16 60 45 41 7 14 11 75 25 47 8 56 77 58 30 51 32 39 27 70 74 65 37 29 44 28 37 19 16 7 38 48 52
50 49 14 72 69 53 51 85 64 41 20 80 47 56 25 10 77 50 19 75 31 1000000 68 42 72 29 15 58 71 18 19 62 39 23 80 68 29 48 21 43 80 20 40 10 8 20 56 44 63 50 8 36 51 82 16 51 9 45 5 25 19 28 45 46 73 31 35 18 12 80 85 79 81 47 23 6 84 34 33 8 47 58 32 72 80 27 59 60 51 27 29 17 65 45 28 42 42 61 36 67 43 68 29 45 84 31 30 12 10 80 68 82 53 55 38 56 38 15 73 69 39 10 33 48 49 24 48 68 63 54 48 52 19 49 22 54 54 14 41 80 82 31 56 27 68 34 73 25 33 34 80
10 74 7 77 27 67 45 13 44 14 72 58 18 70 81 18 64 27 69 26 23 39 1000000 26 37 76 54 40 25 22 32 75 31 8 52 21 18 31 85 33 44 16 42 79 66 28 27 23 46 72 39 17 54 71 15 17 35 57 17 10 67 46 38 48 38 81 5 76 59 19 20 11 56 48 25 72 14 50 78 27 52 20 80 25 61 57 83 27 44 12 76 38 70 54 45 66 27 44 65 29 33 5 45 13 12 41 67 53 60 31 79 49 33 45 75 72 18 41 57 75 80 82 51 72 74 82 79 64 58 84 30 78 46 74 41 73 28 18 24 83 38 14 29 81 49 70 43 64 84 47 39
26 56 11 73 61 21 84 31 83 29 45 47 30 83 78 65 6 47 83 57 63 64 21 1000000 55 29 23 45 46 57 45 77 50 61 50 36 18 16 82 33 63 61 73 42 49 34 40 33 39 12 32 61 59 42 83 42 28 17 75 72 80 14 26 22 14 24 53 20 81 41 54 49 22 26 71 14 39 53 29 35 50 35 46 44 39 9 59 48 27 44 26 39 64 30 82 80 53 68 5 10 40 77 45 8 74 63 74 66 43 74 62 82 41 63 35 21 74 70 58 66 32 55 20 47 49 81 65 54 84 52 42 41 22 42 22 28 38 32 6 46 66 15 74 12 71 70 26 38 53 13 45
10 56 70 9 73 76 5 11 5 68 70 54 48 61 23 80 46 83 45 73 46 73 29 65 1000000 76 28 33 20 71 53 56 47 44 6 75 73 15 25 13 82 5 66 13 50 16 14 62 57 9 16 79 76 52 59 64 62 43 79 84 20 59 21 47 5 50 63 17 14 57 76 14 34 10 49 42 50 55 28 55 15 31 6 14 62 38 17 73 43 9 40 67 50 5 45 29 34 41 34 31 69 47 48 28 76 6 58 7 75 61 13 6 18 13 43 27 11 68 80 23 7 79 84 51 32 23 35 57 84 46 34 84 79 69 51 85 63 70 79 55 15 31 23 55 77 58 15 69 85 50 24
26 40 81 43 19 75 44 20 45 58 71 26 44 74 63 56 75 19 17 65 11 6 32 72 39 1000000 48 41 57 52 55 51 16 33 55 71 35 66 59 32 34 46 67 22 81 73 42 57 72 8 75 39 33 64 14 71 38 60 21 13 34 63 48 42 9 77 57 36 83 23 10 83 75 36 41 75 8 77 32 55 39 53 42 71 12 12 49 59 74 27 48 15 22 66 58 21 19 46 81 45 60 58 60 69 77 35 29 73 7 45 34 74 72 5 43 29 65 61 53 53 81 31 80 69 38 35 81 18 5 41 5 34 5 81 36 68 56 81 51 76 83 63 42 72 41 11 81 35 57 5 39
18 41 38 12 74 73 59 30 64 51 85 81 75 54 47 26 38 21 66 69 52 20 23 46 52 73 1000000 39 43 63 68 61 84 78 12 49 80 71 51 34 36 67 47 62 84 45 33 15 7 58 28 58 12 34 81 16 81 48 8 65 49 83 31 27 18 82 62 21 17 49 48 56 14 42 14 11 85 20 29 71 72 73 64 16 15 54 5 67 18 8 49 23 85 40 27 55 34 53 39 75 11 75 79 14 58 31 16 81 8 77 28 27 64 23 15 78 69 10 61 61 51 56 17 46 48 7 72 8 72 22 48 26 73 9 80 22 77 10 8 34 72 79 82 30 34 65 78 13 28 73 42
68 26 13 66 5 28 53 42 27 77 60 49 49 31 56 62 76 61 69 50 43 21 21 77 55 71 69 1000000 39 38 24 51 84 29 28 55 7 6 59 35 11 80 40 28 73 40 42 85 14 73 39 28 41 68 15 16 18 18 49 19 60 38 79 65 65 84 22 35 43 50 44 6 58 81 21 14 60 44 24 66 8 29 67 79 26 18 44 41 35 63 34 50 36 60 19 61 26 56 60 48 9 29 19 64 43 75 82 8 61 52 24 75 12 59 82 45 24 28 76 63 81 81 63 65 6 14 48 48 69 23 59 32 55 43 23 33 62 74 56 68 26 84 45 67 77 32 81 59 15 57 51
25 66 81 28 50 37 80 85 12 30 81 11 77 16 82 60 47 44 63 33 54 61 48 18 57 61 15 70 1000000 8 77 48 35 27 69 76 24 74 33 18 72 61 62 32 33 42 85 28 82 7 35 37 85 84 69 45 62 22 84 26 35 76 76 37 20 40 19 76 50 41 60 70 83 17 25 70 23 31 56 61 81 57 65 5 17 68 16 31 13 26 80 82 30 48 62 69 61 18 49 67 69 13 76 26 23 70 38 23 18 48 40 18 67 5 58 83 61 33 25 28 35 34 71 34 57 5 44 65 52 76 24 7 22 61 55 28 75 9 30 28 14 28 8 19 20 73 5 23 64 34 63
43 13 51 61 7 41 67 62 51 63 37 8 31 19 50 47 15 66 31 44 72 77 76 64 70 26 63 43 33 1000000 61 6 59 80 14 80 12 77 15 16 53 27 74 6 84 24 51 61 5 8 37 55 68 72 74 10 32 39 6 15 25 69 35 65 58 53 55 45 82 26 40 65 21 58 20 33 35 34 33 80 40 17 79 55 17 50 79 9 65 42 37 33 67 60 66 25 62 85 48 78 25 57 46 36 29 30 55 48 76 31 30 77 5 48 41 64 39 69 13 47 37 19 23 29 64 42 55 56 17 50 58 24 33 16 42 83 74 23 38 47 31 51 52 53 52 64 60 5 63 61 24
61 77 38 13 23 14 48 24 34 74 15 61 25 63 5 18 79 53 68 52 61 22 10 21 63 21 10 38 65 21 1000000 44 82 53 74 85 54 19 34 70 36 54 40 24 35 28 39 41 53 60 9 71 11 40 33 58 23 19 57 61 24 40 82 51 41 58 58 65 76 75 13 15 8 79 69 33 18 75 38 62 17 13 54 42 77 42 62 50 61 66 70 73 5 18 44 48 10 71 74 52 73 14 24 16 79 28 7 15 85 61 73 23 81 38 33 80 54 54 14 72 11 51 52 76 73 14 66 45 21 74 24 32 78 10 50 70 55 42 85 58 83 69 18 5 63 62 85 15 8 85 34
73 42 51 63 75 76 36 21 66 60 74 79 32 79 33 74 13 63 26 27 35 64 43 46 84 42 15 85 29 72 59 1000000 25 21 17 20 46 16 80 20 83 82 49 27 13 55 30 35 49 71 8 12 17 51 74 83 20 6 57 50 8 66 78 6 15 33 63 53 35 46 43 25 24 33 52 66 14 5 49 61 53 10 60 65 53 55 17 64 11 64 23 48 14 36 85 71 63 67 16 40 81 42 39 85 60 15 11 78 32 14 61 82 26 14 37 51 81 12 80 67 34 15 81 52 42 74 60 66 49 62 20 62 46 75 20 73 12 30 52 68 6 84 77 41 20 85 31 22 18 20 55
44 68 75 75 12 83 50 34 14 22 62 34 63 66 84 12 24 31 44 78 47 44 30 13 69 26 28 63 82 10 82 61 1000000 40 32 18 11 41 85 79 12 16 64 46 27 29 34 79 12 62 8 44 81 28 24 59 44 21 37 38 5 26 18 65 38 33 11 12 8 11 66 26 16 68 75 14 51 16 50 24 51 23 78 72 24 84 14 10 11 16 48 51 59 77 55 76 53 46 18 46 13 6 34 22 21 35 43 68 35 16 32 37 38 40 49 40 39 5 81 17 19 40 13 58 26 5 60 27 71 68 30 52 12 76 50 76 32 58 39 6 16 18 70 18 37 11 82 20 24 50 55
23 31 41 30 23 83 22 33 47 76 22 29 8 22 46 51 11 74 40 50 41 84 25 54 49 83 26 14 59 51 30 64 72 1000000 50 79 44 8 63 38 60 8 27 5 20 8 79 29 24 15 42 73 80 51 63 54 51 67 80 9 34 9 5 21 21 55 57 48 10 45 75 27 17 43 66 69 7 52 85 6 10 46 28 61 27 47 55 14 7 34 76 75 41 49 83 20 73 47 62 76 20 84 12 21 24 13 48 28 60 60 74 82 67 5 56 73 66 51 69 17 38 24 58 23 6 54 68 12 17 36 64 75 84 68 85 36 51 31 26 39 38 68 55 40 46 63 29 21 50 64 38
65 52 77 54 67 56 78 18 19 54 26 11 33 66 52 56 15 67 55 81 85 71 46 65 28 33 43 35 11 49 71 38 17 39 1000000 57 50 12 57 59 25 18 66 10 26 53 55 67 21 79 43 51 17 52 14 52 82 74 25 6 36 36 48 19 67 32 49 55 15 55 15 65 11 13 8 46 30 45 35 60 70 31 55 15 41 61 21 77 20 50 82 85 30 42 33 27 60 9 65 18 52 61 32 46 17 13 31 5 56 7 71 53 66 36 62 30 10 47 23 13 64 8 46 61 9 62 45 74 13 27 47 23 8 20 85 59 70 14 23 56 12 83 17 68 46 11 43 63 21 8 7
65 53 81 39 32 10 52 14 6 33 85 26 62 71 13 47 75 77 43 69 57 32 51 65 50 76 20 37 70 20 39 9 12 84 68 1000000 28 60 52 29 40 70 38 63 75 30 40 28 57 61 47 22 64 28 60 66 63 45 46 83 20 40 25 44 27 9 48 50 36 21 61 45 6 13 28 55 84 36 8 26 7 24 14 41 74 75 76 52 60 82 64 78 77 26 12 44 16 37 65 66 14 42 7 23 47 43 57 67 63 8 16 46 81 70 66 62 55 41 7 81 75 82 29 73 16 59 22 53 47 83 84 53 39 27 11 13 50 61 6 49 40 66 65 53 30 37 41 50 12 19 29
51 11 22 40 21 12 11 10 51 12 16 7 46 67 41 47 48 16 26 71 85 56 69 11 52 15 66 77 38 63 62 53 83 40 74 7 1000000 5 18 59 37 66 79 17 9 20 11 9 84 44 21 24 15 65 43 67 22 75 66 72 18 13 49 51 13 81 67 85 34 53 34 75 42 29 78 71 73 43 55 34 28 68 13 78 43 22 15 38 75 66 34 50 18 10 69 49 46 54 52 67 51 44 29 14 48 6 16 30 34 65 24 47 49 6 39 25 63 54 27 84 56 69 66 8 13 66 56 44 55 39 60 54 6 7 40 10 71 29 25 16 14 56 32 66 14 81 23 31 58 6 10
78 44 73 75 66 21 69 31 79 69 82 41 43 22 63 51 26 39 85 49 32 63 43 38 36 39 32 72 19 29 25 63 26 29 25 11 35 1000000 64 64 72 66 65 12 15 28 34 46 21 18 57 5 29 38 27 39 66 34 45 66 19 82 49 39 29 48 6 51 79 7 11 65 67 66 78 28 30 35 42 46 27 24 17 32 27 39 27 67 22 23 45 9 74 60 34 20 55 48 12 35 78 84 80 19 66 81 36 36 52 81 67 70 27 10 69 78 49 71 74 27 34 18 55 60 12 46 67 76 52 22 15 75 56 69 53 43 72 11 31 62 41 31 19 42 7 43 18 73 6 52 40
34 63 22 63 30 85 81 8 42 61 40 39 71 71 15 80 60 14 80 20 23 54 45 81 76 12 76 17 20 23 60 11 32 12 60 17 69 28 1000000 24 8 65 5 29 69 51 67 76 13 49 38 55 56 39 78 81 7 41 20 41 25 18 64 38 46 34 7 41 7 17 38 64 48 40 66 5 37 69 80 26 34 35 63 22 32 59 65 58 51 27 30 55 69 29 82 16 13 45 49 19 9 58 62 7 54 14 70 75 21 58 67 70 63 27 44 7 83 38 57 73 53 74 15 38 72 70 46 23 56 8 27 53 62 50 10 57 71 26 15 80 66 16 78 70 49 81 75 9 27 13 29
60 68 78 16 49 70 63 70 61 61 12 29 70 30 66 45 66 44 71 10 66 38 63 16 84 48 13 27 33 63 57 73 77 53 18 55 63 37 33 1000000 17 6 85 28 71 7 8 79 53 61 10 9 29 35 40 67 24 28 9 80 75 78 66 67 81 18 7 7 29 25 19 53 71 58 34 21 29 37 40 29 36 51 76 80 44 41 24 80 37 58 60 31 8 59 33 59 43 56 25 20 56 20 48 36 22 84 17 71 58 50 23 83 40 58 71 35 20 84 5 76 44 51 43 57 74 30 18 7 43 73 38 68 8 22 72 77 11 66 61 31 26 59 32 18 65 58 59 12 19 43 78
15 23 5 28 24 60 83 49 17 68 39 8 67 24 57 51 17 5 38 75 68 48 50 65 60 69 62 9 45 83 64 77 45 68 44 39 32 20 6 78 1000000 9 72 43 38 14 20 83 80 10 33 62 54 27 66 6 45 16 46 79 55 78 39 72 40 70 65 83 59 48 29 30 39 56 20 34 62 71 23 82 22 32 72 26 74 68 13 46 14 57 64 40 50 10 54 83 17 33 50 19 48 81 26 19 75 20 18 81 9 47 33 39 68 17 23 38 36 11 44 14 8 33 26 85 15 40 64 57 81 46 77 58 51 14 33 43 30 10 62 18 11 14 24 33 41 36 33 8 66 34 28
68 37 39 68 79 59 35 75 84 14 78 9 5 77 81 11 26 51 28 50 41 55 55 40 42 18 79 66 84 71 60 29 20 6 35 85 76 46 9 31 27 1000000 54 82 16 78 52 84 66 30 42 84 57 77 67 33 46 58 58 49 13 81 64 19 42 51 7 10 42 37 8 42 7 64 28 69 67 48 37 61 35 40 8 54 19 50 14 53 47 79 68 47 85 60 24 68 34 6 13 56 85 57 28 35 59 21 13 20 13 47 81 46 61 68 50 21 53 27 13 67 5 29 13 23 22 34 5 52 27 33 43 41 79 21 72 49 62 34 48 11 26 48 69 43 46 26 22 73 32 12 9
31 53 34 32 41 30 12 82 65 36 22 76 17 75 80 36 46 71 59 60 59 68 46 15 80 24 20 16 29 83 27 66 58 44 12 74 14 78 16 56 30 41 1000000 16 27 49 17 62 43 51 50 71 36 46 35 45 7 53 23 27 83 39 39 67 34 16 50 15 18 15 20 36 39 47 40 54 49 74 74 41 24 40 16 13 58 18 79 21 65 28 73 50 65 14 60 18 72 45 26 51 26 23 36 78 51 24 38 38 56 79 40 83 55 68 35 12 56 70 72 31 15 24 21 77 36 9 51 53 67 83 79 17 33 50 74 45 31 36 48 73 23 48 46 78 61 22 77 37 60 62 55
39 47 80 12 27 65 32 62 47 81 46 61 52 73 40 59 35 85 20 16 52 59 9 28 72 26 74 42 52 55 79 51 78 7 28 8 37 25 34 44 44 5 45 1000000 35 44 78 73 23 75 49 9 75 40 66 9 7 38 52 79 36 42 14 9 80 30 9 57 21 15 47 49 76 33 11 27 52 53 27 10 57 80 53 42 12 5 13 70 56 83 50 20 83 50 47 51 54 68 29 35 45 48 13 13 6 65 28 6 7 21 83 48 20 57 25 57 6 83 36 84 11 25 58 42 61 50 16 13 85 48 75 9 79 42 75 67 52 43 13 16 55 17 27 6 64 79 29 25 46 76 45
17 60 13 68 65 30 85 30 72 79 39 64 51 84 71 33 66 57 9 17 28 54 17 61 16 17 35 9 29 20 24 22 16 51 76 36 41 12 16 46 70 63 74 27 1000000 20 27 83 75 30 60 43 66 43 35 41 14 76 48 81 69 28 13 13 52 34 69 11 12 23 8 68 62 46 25 46 74 74 27 42 14 57 20 76 16 8 85 60 9 68 83 18 33 53 70 84 42 9 44 16 80 74 48 45 55 54 10 72 10 65 30 75 22 39 26 83 70 72 57 6 33 61 82 6 10 73 41 13 77 10 85 23 14 66 73 34 15 79 70 19 67 5 32 61 24 38 26 40 30 26 57
62 8 78 40 36 38 85 8 63 66 41 55 33 78 8 14 51 81 41 30 17 52 18 84 84 70 67 57 19 35 78 26 68 61 14 70 63 57 19 73 75 83 36 52 16 1000000 32 85 25 26 75 82 44 8 23 64 35 66 75 53 30 6 79 70 44 24 7 68 70 56 33 81 40 15 82 75 14 42 43 28 16 28 52 39 64 20 50 73 30 44 7 27 73 44 37 21 54 37 81 78 45 52 62 83 22 66 19 17 8 55 30 72 49 63 28 22 6 6 9 20 52 28 59 43 44 40 44 7 60 82 55 42 40 82 17 33 31 73 37 78 32 77 20 26 14 64 12 65 9 57 55
38 54 66 41 14 17 67 57 71 56 36 56 61 5 43 36 22 53 85 56 10 57 28 49 43 50 7 82 64 72 42 84 54 61 79 25 7 63 53 76 8 12 82 58 60 61 1000000 82 33 79 30 52 10 73 51 23 64 55 22 85 17 47 7 34 78 8 30 30 57 65 50 24 46 25 33 17 33 6 10 7 65 20 39 57 64 72 40 63 16 84 31 57 60 58 57 66 52 21 62 70 35 25 81 18 22 15 37 43 5 26 8 5 8 26 38 10 15 36 30 70 45 31 83 64 68 10 70 14 38 43 84 19 18 51 70 51 16 46 83 9 15 52 50 7 22 29 49 30 78 31 78
72 78 63 8 9 78 50 35 75 38 16 72 72 23 19 61 70 59 42 81 25 72 6 47 64 54 65 51 78 48 83 46 68 44 16 42 52 9 80 71 27 54 61 59 60 29 81 1000000 46 26 71 73 19 40 64 43 11 30 5 75 48 21 83 64 22 74 69 18 29 69 8 10 28 57 75 22 27 45 79 10 11 5 49 40 54 70 49 76 76 84 62 25 6 49 60 41 81 48 36 20 67 53 17 54 31 45 74 34 28 39 46 32 59 40 13 24 64 14 39 69 14 19 61 26 64 35 43 62 79 59 27 53 18 70 9 54 30 83 57 77 60 70 61 13 27 41 30 58 33 65 53
14 24 29 44 24 23 80 46 16 5 39 80 82 44 9 65 30 66 80 26 13 58 52 11 40 66 76 27 25 25 16 39 59 20 44 28 21 81 73 66 74 59 45 82 41 61 67 22 1000000 45 18 81 20 69 80 39 22 42 78 10 64 64 82 65 24 25 74 40 16 23 54 19 57 35 6 33 74 44 64 68 34 6 58 18 62 57 8 38 19 84 85 81 36 76 69 63 10 23 85 26 78 5 81 49 39 73 83 41 25 59 61 28 59 82 38 42 53 15 13 51 50 58 47 22 60 74 25 77 11 43 6 67 32 15 15 48 22 11 45 76 56 77 70 6 58 9 15 46 61 16 37
79 7 34 17 20 10 72 73 5 39 50 47 59 76 32 67 82 28 8 42 35 41 60 27 63 7 54 22 42 48 43 80 47 18 20 68 37 60 44 24 18 67 83 19 65 12 64 68 30 1000000 40 35 47 64 83 46 57 21 65 43 51 28 19 59 56 70 65 34 34 29 9 46 65 49 10 77 74 27 83 46 40 15 58 32 68 41 44 77 57 37 55 46 63 48 38 54 40 15 48 74 17 16 10 29 12 70 38 44 51 85 63 35 84 43 73 48 40 34 81 70 35 59 67 50 51 70 71 46 82 28 58 30 36 78 44 85 29 35 78 10 25 46 57 36 22 78 68 32 63 47 69
31 31 78 74 33 31 26 61 16 80 41 50 56 43 13 31 21 84 13 57 15 39 63 50 25 27 46 19 66 37 17 74 84 5 58 44 52 62 5 47 5 17 65 63 79 41 81 60 14 33 1000000 76 12 35 23 76 35 61 55 50 38 52 40 68 16 64 34 36 70 37 63 45 42 47 42 12 42 49 45 10 81 44 17 33 8 7 41 36 84 57 22 52 80 69 17 48 69 45 46 47 63 22 36 46 67 73 65 76 64 60 34 18 43 55 17 11 80 10 72 41 60 27 43 80 50 81 77 9 15 75 25 10 40 24 27 29 36 67 22 5 48 37 15 79 19 20 69 7 21 43 78
18 43 56 20 71 74 67 83 9 13 73 18 76 24 36 83 80 84 62 73 76 37 54 13 65 72 42 36 78 46 77 55 17 60 85 8 58 85 79 79 14 39 19 76 73 18 69 28 78 56 30 1000000 71 42 32 50 49 38 38 48 64 15 77 50 31 73 9 32 21 19 6 35 49 72 28 73 11 49 44 16 63 25 69 9 11 67 12 49 78 19 32 13 22 29 18 82 45 66 50 80 43 51 58 30 51 60 28 26 33 54 38 66 80 13 78 43 48 72 11 19 80 63 68 21 29 70 26 62 6 62 5 72 58 50 21 21 52 9 79 27 65 57 65 13 73 57 38 47 19 83 56
15 35 39 44 34 52 10 62 37 44 80 61 25 34 21 37 70 12 61 79 55 71 16 66 73 75 9 52 49 16 73 38 6 41 72 35 26 26 14 67 59 81 31 57 71 48 49 6 36 27 66 58 1000000 6 66 26 37 84 71 81 68 74 27 73 65 82 79 81 5 18 81 64 40 29 56 28 62 48 85 57 74 75 6 70 35 29 66 37 59 15 51 65 57 69 72 82 8 71 67 60 67 84 81 83 69 17 31 81 80 36 50 59 7 60 31 76 79 24 43 53 34 60 39 57 35 82 19 12 16 76 73 47 42 10 76 36 71 63 47 23 32 44 43 33 84 14 18 22 74 45 74
42 82 68 48 65 25 74 65 19 37 83 73 24 13 30 52 15 49 19 65 77 85 58 40 45 36 22 24 9 27 21 54 35 50 70 25 52 80 61 85 69 12 62 23 49 35 66 7 54 79 16 29 40 1000000 71 53 82 80 5 60 37 33 9 21 37 75 18 27 71 16 70 19 66 81 78 5 82 80 33 84 11 62 36 18 14 55 40 8 5 29 38 23 59 23 35 31 10 30 10 58 56 55 14 16 75 69 23 29 66 53 56 56 33 72 53 40 51 80 84 59 7 33 65 64 64 73 38 49 80 14 69 5 68 19 76 77 67 10 72 8 30 21 57 23 49 70 35 81 5 77 6
65 34 60 17 76 73 33 58 46 43 49 26 77 19 44 64 27 80 51 18 53 62 55 57 82 26 37 62 49 34 47 75 14 59 5 23 18 75 53 84 22 54 6 70 9 71 10 74 26 77 34 62 50 44 1000000 18 22 43 72 15 41 19 79 55 20 42 6 72 76 46 61 65 53 13 26 45 32 71 57 5 13 79 53 38 16 65 33 72 76 64 23 23 61 5 81 29 84 55 78 28 83 84 34 78 11 74 52 74 6 14 51 58 83 61 35 43 9 58 48 58 46 7 61 40 47 12 17 64 9 77 33 25 36 81 10 62 24 21 49 68 23 50 74 75 56 19 45 64 70 37 8
77 64 40 79 34 15 67 10 12 68 19 35 63 40 83 32 21 79 20 56 65 66 8 32 9 77 43 65 84 63 12 5 61 44 24 63 14 74 9 25 43 44 33 49 31 75 79 8 42 9 57 84 33 56 75 1000000 76 56 68 26 59 68 73 84 70 66 69 79 16 46 42 52 71 24 78 75 72 16 48 20 29 42 44 54 24 76 50 30 64 40 5 59 67 72 85 16 74 34 9 39 53 85 16 78 56 31 45 32 38 48 12 14 24 71 56 38 55 9 22 60 80 54 51 55 76 19 56 27 55 78 78 62 17 74 33 76 47 73 60 82 35 56 54 61 42 47 30 23 83 37 54
79 59 84 9 17 63 23 85 27 85 28 7 48 7 18 40 14 52 6 82 45 60 17 59 49 5 27 61 47 51 33 29 69 7 28 46 60 69 58 26 38 30 30 37 20 71 34 74 49 43 79 24 54 83 73 71 1000000 42 6 79 66 19 45 24 38 84 20 85 12 68 66 80 76 39 56 57 39 33 66 35 25 51 30 9 34 47 47 50 45 10 19 83 69 65 66 37 15 51 32 43 57 68 80 24 45 72 50 40 15 57 23 26 46 85 74 6 79 49 68 84 80 55 14 80 72 74 12 20 81 34 7 77 65 83 19 32 60 35 83 34 14 55 5 61 22 78 6 9 81 77 22
44 59 7 65 75 11 21 59 17 35 79 74 46 30 83 65 73 45 68 6 61 9 29 61 25 81 54 63 79 26 25 13 41 58 74 41 11 60 80 56 59 41 44 73 23 6 44 51 66 16 78 64 74 33 61 57 56 1000000 25 81 58 48 16 81 31 82 21 67 21 21 69 70 17 48 12 12 58 20 81 23 16 41 48 6 73 18 17 45 24 35 36 41 6 40 21 6 81 69 68 24 50 33 52 33 34 38 51 26 65 20 39 39 47 48 64 21 29 42 68 10 83 82 73 59 51 69 24 73 38 10 61 5 76 54 69 15 78 59 54 67 43 45 68 33 77 42 61 14 18 53 34
19 53 27 32 35 15 68 77 49 11 31 30 57 83 47 78 60 32 23 47 66 70 42 12 35 59 20 74 13 12 85 5 13 81 24 29 71 9 73 28 48 51 59 71 54 20 13 27 85 35 6 60 20 12 65 79 69 83 1000000 21 12 38 77 44 6 41 75 14 82 52 43 52 30 20 80 66 50 12 78 45 34 82 32 67 9 78 23 38 26 21 19 66 19 75 58 85 77 52 36 52 25 22 55 61 61 58 85 18 61 16 6 63 29 74 85 38 76 73 58 26 77 41 11 53 68 71 30 44 38 51 34 70 68 75 51 33 12 73 72 78 18 69 26 14 85 36 71 67 62 65 8
55 6 59 83 7 76 20 5 35 6 67 40 33 11 28 54 73 76 5 21 55 82 15 80 67 11 36 59 29 45 49 49 36 76 44 54 19 28 14 21 9 22 48 34 24 47 33 44 69 30 68 32 49 28 14 61 79 61 37 1000000 23 13 43 83 16 67 78 31 18 28 52 41 48 85 8 84 74 14 80 56 49 14 49 72 40 78 77 57 85 61 35 33 60 49 51 39 61 69 8 31 70 65 28 46 65 15 26 62 82 46 40 33 78 52 75 22 85 63 53 51 47 75 14 71 30 66 35 36 54 68 31 8 46 42 74 26 6 12 26 17 60 38 46 80 44 78 7 63 36 57 11
32 29 65 23 62 64 60 17 50 73 85 84 44 64 22 78 44 40 68 43 75 30 18 20 36 43 15 51 75 79 79 7 66 82 45 74 65 82 80 66 14 21 19 41 72 62 29 85 20 63 57 18 48 82 30 53 6 75 69 23 1000000 46 56 66 69 14 51 72 65 65 23 29 82 25 81 75 6 59 75 15 21 57 20 53 62 69 11 75 9 12 12 57 43 8 20 39 56 50 42 17 40 58 79 40 11 6 41 79 76 45 7 73 21 22 39 26 65 46 55 20 77 32 38 12 17 18 79 53 11 44 79 72 41 83 64 78 41 14 80 53 37 13 78 44 70 31 52 10 85 30 13
32 53 40 53 84 50 27 17 24 5 23 35 85 54 61 70 42 12 53 24 13 59 27 33 35 35 67 77 49 32 16 36 5 7 82 29 27 53 19 13 57 14 77 12 53 35 33 59 80 75 69 57 17 21 51 48 42 8 47 25 44 1000000 5 31 68 23 47 53 43 65 48 73 46 41 14 8 16 35 62 82 57 36 23 29 6 65 79 48 39 26 63 8 70 45 21 59 22 48 59 11 49 65 53 49 28 17 50 22 77 40 24 31 59 47 31 24 44 78 82 85 47 75 29 59 40 60 52 26 41 58 14 84 36 66 17 34 18 41 48 51 39 82 60 6 37 9 27 53 73 36 18
73 7 48 62 83 84 67 74 66 13 5 47 14 25 75 61 46 49 49 44 42 26 21 47 25 60 48 64 6 47 38 7 65 22 37 29 46 79 6 10 60 72 83 70 16 20 29 13 9 38 16 35 40 68 19 8 65 39 78 64 61 70 1000000 45 35 27 51 28 64 24 68 49 74 16 44 48 76 6 77 54 78 54 77 37 55 24 67 49 85 27 53 15 19 68 25 39 43 55 28 57 36 40 71 26 65 34 36 52 83 82 28 29 72 14 46 82 22 53 7 18 75 25 49 81 70 48 42 13 13 17 44 68 80 54 44 70 8 54 51 24 46 14 30 24 35 64 16 48 13 65 34
82 73 41 73 39 15 73 8 68 58 79 45 58 33 43 13 39 5 22 40 67 47 15 40 52 49 26 42 74 59 16 58 68 21 41 61 55 26 70 35 24 15 8 40 10 43 51 60 46 33 36 14 45 75 27 51 27 22 46 72 17 70 29 1000000 22 11 59 38 21 33 21 80 34 71 35 17 69 20 30 14 54 50 50 44 48 23 32 8 37 59 38 68 49 23 62 7 81 72 56 12 42 9 75 20 34 74 85 39 85 54 36 83 9 77 38 57 79 16 53 73 74 82 36 53 69 24 22 82 74 33 79 26 71 51 20 9 11 78 64 41 31 25 85 62 12 30 80 7 28 28 33
37 44 39 23 36 34 5 58 38 34 29 27 39 10 26 42 68 27 35 79 49 7 16 50 30 23 71 56 6 22 67 73 30 78 69 62 51 54 11 70 48 58 15 67 20 17 68 28 74 25 10 9 70 55 55 9 29 27 37 27 46 54 25 23 1000000 57 81 76 58 35 66 63 65 30 65 44 29 47 77 14 85 62 9 47 66 8 53 79 48 15 14 28 12 35 9 39 29 67 60 75 85 66 41 12 12 82 69 38 79 64 75 6 43 66 53 12 19 71 36 45 69 56 23 23 68 61 82 50 73 7 75 77 66 35 59 53 42 40 63 35 67 51 18 52 68 23 64 34 48 39 39
63 20 65 21 33 30 62 38 50 46 55 58 60 36 62 68 46 5 81 43 61 19 39 53 41 56 79 58 79 23 12 8 48 8 68 78 16 24 43 83 28 16 56 62 38 45 83 7 58 11 20 59 29 51 81 24 44 49 30 42 63 68 85 63 43 1000000 8 25 12 40 10 51 84 23 83 65 33 7 52 15 9 46 19 29 50 42 42 48 85 82 76 48 12 35 32 50 12 66 38 72 74 61 58 23 40 22 21 74 63 8 9 6 75 13 60 58 37 54 70 41 85 66 20 64 14 7 49 73 22 53 29 50 54 82 21 83 13 28 76 17 14 49 62 9 44 43 32 44 54 15 33
52 77 79 73 48 32 83 8 21 19 58 13 22 63 27 32 29 29 37 55 41 20 17 22 52 29 82 64 72 55 35 8 41 49 7 38 52 78 81 59 6 53 21 54 78 35 25 17 23 31 14 41 80 14 61 15 22 77 82 21 22 33 5 84 59 25 1000000 85 13 33 23 75 40 49 40 41 83 70 41 48 22 17 54 21 41 18 53 10 9 10 68 64 43 7 61 12 5 70 69 15 85 50 13 29 80 23 61 5 70 25 22 70 54 72 34 16 18 19 13 27 55 62 59 57 18 13 82 9 84 67 20 41 75 43 8 38 32 6 24 67 29 63 64 62 27 30 29 50 63 5 57
37 45 44 63 11 47 24 18 66 62 23 30 12 68 46 55 65 70 51 12 63 80 17 15 25 78 35 18 70 17 65 12 78 53 24 46 77 65 6 21 10 62 18 76 64 83 20 81 29 52 7 81 40 46 55 30 54 6 53 15 85 51 18 73 60 35 39 1000000 42 62 55 39 9 50 48 44 70 40 55 72 43 60 63 55 18 35 79 82 68 18 14 77 55 69 24 42 61 37 51 12 85 83 76 75 22 29 12 80 40 7 23 74 53 36 21 35 51 46 55 38 67 43 39 15 70 71 65 75 59 21 57 31 81 28 22 21 42 22 18 57 67 11 27 47 42 32 74 51 69 21 27
8 32 78 62 47 67 29 46 26 69 14 53 31 34 8 79 85 9 24 30 62 83 34 18 83 22 77 75 66 30 78 76 53 38 10 47 81 81 21 10 23 10 55 74 67 76 85 9 33 33 55 51 83 79 16 77 7 24 8 78 36 57 19 76 29 22 65 65 1000000 9 35 74 75 23 55 20 81 63 65 47 57 10 54 16 78 28 38 73 12 50 66 13 74 25 74 58 76 50 60 59 20 11 27 63 27 35 40 23 13 7 85 81 51 76 33 63 54 10 20 84 62 64 70 29 83 32 60 7 80 71 49 17 74 21 83 23 60 79 77 5 10 66 45 19 84 46 39 49 22 44 25
81 34 54 66 20 16 64 10 62 20 59 5 70 35 27 81 20 10 77 42 59 64 22 39 51 22 15 29 19 7 75 81 29 40 50 66 64 25 53 65 26 58 82 21 79 65 11 78 46 12 72 38 52 12 36 73 8 34 49 71 61 31 82 65 78 77 57 82 12 1000000 47 48 38 81 60 64 24 22 48 28 54 24 63 30 17 59 55 6 40 82 44 74 43 23 70 18 42 18 36 23 52 83 73 84 79 81 60 29 12 25 73 28 26 26 33 62 50 72 8 50 23 31 26 80 33 29 56 24 24 80 9 71 27 12 47 41 63 64 76 51 30 9 51 30 70 40 59 8 58 63 55
26 7 64 77 28 80 68 21 81 59 57 60 49 67 68 82 38 32 33 38 46 20 37 14 6 74 58 36 53 45 75 31 36 26 67 59 83 52 62 44 37 53 80 72 66 51 68 76 65 7 37 76 10 40 70 35 33 83 36 10 14 74 15 52 7 36 77 33 54 78 1000000 47 43 23 65 20 50 5 59 73 21 41 27 13 17 33 43 65 41 66 49 49 14 42 6 54 36 83 38 40 64 11 17 10 34 11 11 61 58 67 71 62 26 79 81 43 5 41 21 63 17 21 48 59 57 82 41 50 63 52 10 20 33 24 53 38 34 27 76 49 42 84 72 70 24 76 59 85 69 14 38
20 20 25 84 73 68 14 19 83 68 10 11 11 5 57 83 28 13 56 27 85 55 66 25 38 24 22 19 52 27 21 15 67 72 83 11 11 67 26 12 63 46 17 66 17 12 46 11 47 51 68 27 40 46 50 6 36 55 63 7 27 14 44 85 70 44 77 36 47 76 47 1000000 52 55 67 65 14 24 16 49 48 37 6 17 18 47 37 63 12 77 49 71 57 21 47 69 33 48 77 51 84 38 11 23 63 37 63 65 12 11 81 59 13 58 32 10 55 76 77 31 80 71 26 35 14 70 39 10 48 65 20 12 43 82 43 77 14 53 35 61 75 24 25 16 59 30 68 19 35 71 14
50 30 80 8 70 28 46 62 16 8 34 44 26 46 45 51 22 9 54 28 35 27 62 62 69 33 80 82 9 25 17 73 8 53 62 52 16 6 17 27 84 75 12 25 34 85 50 67 73 39 58 49 45 81 50 62 60 49 73 26 64 85 26 6 48 36 26 51 77 74 16 6 1000000 40 21 8 54 44 39 19 51 17 75 46 56 64 73 54 14 69 77 24 41 76 48 15 65 33 43 5 18 70 26 13 8 43 6 18 55 26 70 51 63 44 14 67 6 14 76 17 9 24 55 36 43 31 24 26 57 48 19 70 31 64 56 48 17 51 71 46 42 20 30 37 19 9 60 11 67 64 66
77 18 82 10 59 25 68 42 35 41 57 30 32 61 46 49 81 59 15 21 11 39 14 67 81 75 21 79 65 73 20 84 27 72 15 57 80 29 66 39 20 15 52 24 71 16 79 44 29 78 62 82 79 63 59 79 55 31 27 33 8 80 8 18 9 25 59 36 50 63 27 77 35 1000000 56 44 80 58 70 60 35 66 30 37 7 14 66 66 28 36 30 58 40 77 61 26 46 21 13 32 21 79 76 33 32 8 23 11 56 46 48 73 41 63 74 10 74 9 51 33 59 75 37 26 85 48 51 84 24 22 33 13 32 26 37 14 8 81 40 73 28 8 75 15 40 59 16 52 30 23 48
21 44 28 50 29 55 48 21 23 31 28 26 33 43 40 84 20 80 24 31 24 46 28 76 17 39 78 41 85 30 75 56 28 27 9 63 43 77 19 18 23 65 78 37 19 34 58 63 52 38 38 8 81 66 49 8 19 52 13 24 39 29 11 70 10 71 58 29 66 73 47 47 20 45 1000000 78 32 70 58 83 30 23 15 43 22 31 18 65 30 26 47 7 60 50 60 80 63 11 85 49 13 13 21 39 67 68 42 54 13 31 80 17 18 62 28 10 69 80 50 63 79 63 80 48 10 12 17 9 20 24 69 74 14 49 58 12 7 22 58 50 10 11 46 21 66 57 65 46 78 76 32
12 19 7 71 42 22 40 48 63 76 40 78 10 22 82 41 27 46 81 8 14 42 84 58 22 66 75 12 33 64 33 33 11 72 28 61 12 9 32 57 51 58 56 85 82 30 58 9 23 30 20 70 30 62 28 53 31 6 53 19 20 26 24 64 12 6 71 71 44 18 39 47 48 49 34 1000000 5 62 20 68 37 23 62 33 72 53 46 58 20 74 39 19 27 33 74 49 54 27 29 27 24 29 15 49 7 36 74 15 58 15 8 35 24 36 49 25 35 29 9 54 41 18 47 18 84 37 45 7 48 13 9 47 72 44 22 48 21 7 23 64 74 28 52 52 37 31 40 21 47 77 27
76 85 30 30 50 48 44 25 60 67 52 55 6 38 9 11 82 26 19 61 30 25 70 81 85 48 75 34 10 44 84 11 85 15 33 9 13 47 78 35 52 52 73 32 80 46 74 76 82 26 81 20 7 71 30 43 71 37 39 56 47 81 77 63 33 53 44 25 47 28 16 28 17 26 5 59 1000000 55 63 18 21 63 80 69 69 75 78 45 77 8 62 62 19 51 42 65 84 20 81 21 21 20 66 37 34 82 52 74 20 81 61 6 44 11 57 41 67 61 26 33 7 31 45 10 76 11 24 12 56 5 85 15 73 37 70 13 74 73 12 24 64 78 18 46 20 42 35 72 45 17 36
60 12 12 9 80 5 5 75 68 75 38 71 75 48 8 61 17 8 76 34 57 63 60 38 48 35 19 79 30 5 81 60 76 38 60 51 63 42 43 82 46 43 16 7 31 15 78 50 80 48 6 24 28 9 11 65 66 63 5 47 13 26 32 25 78 5 32 28 29 41 8 12 82 19 76 12 81 1000000 78 35 12 12 70 35 6 57 66 46 52 21 84 8 10 61 37 31 71 59 11 33 5 77 69 51 44 14 55 17 12 37 84 69 58 71 80 29 47 59 29 79 76 71 14 42 54 58 25 65 84 58 60 39 60 51 78 48 53 8 39 51 14 75 46 21 45 14 66 5 79 49 26
8 38 72 66 40 10 8 24 74 77 8 70 26 47 52 55 81 80 78 77 30 29 34 68 36 13 25 47 57 17 48 65 31 82 73 38 24 59 85 29 46 28 67 46 84 45 24 35 73 27 84 6 51 54 16 48 67 75 34 24 56 81 60 5 40 73 84 78 8 58 74 48 16 52 27 73 27 21 1000000 15 59 16 69 70 84 20 65 12 82 72 55 28 71 53 35 50 26 19 32 14 28 73 72 42 44 67 41 80 36 53 69 36 25 44 34 19 50 80 81 84 11 46 6 26 50 23 32 14 24 55 61 67 15 48 54 66 31 23 46 75 81 22 85 32 61 7 70 54 54 68 19
78 22 79 7 24 58 15 45 34 37 47 21 63 53 30 5 74 29 64 81 23 33 81 78 24 20 65 19 63 78 38 13 38 78 42 49 55 13 44 52 9 65 44 40 81 18 48 29 8 22 43 33 69 23 71 29 33 32 33 27 12 38 6 42 45 55 36 16 53 55 74 20 62 67 22 20 13 23 54 1000000 71 6 15 6 47 79 51 71 24 58 54 6 81 13 77 49 15 82 52 74 13 44 53 19 79 27 51 70 40 18 5 6 7 26 28 37 40 17 56 44 81 57 70 56 23 61 42 57 41 27 43 40 23 51 67 36 79 16 7 8 7 53 33 61 63 66 82 82 65 62 84
66 83 83 52 49 74 71 58 9 35 79 56 31 62 56 27 84 37 84 29 53 37 16 45 37 58 42 38 27 31 72 7 69 44 22 6 71 44 9 67 82 45 50 26 70 25 75 69 39 42 35 27 48 44 23 36 69 44 65 54 76 26 58 34 60 24 76 46 51 60 29 16 14 76 69 65 11 5 23 14 1000000 78 48 67 16 72 41 10 44 9 38 46 21 42 65 72 36 74 29 23 61 44 8 13 44 83 84 54 47 25 22 26 6 68 55 59 69 59 7 78 76 26 6 26 65 7 63 47 50 71 83 63 18 71 47 19 66 52 56 37 19 77 16 58 74 64 32 41 8 17 19
16 75 12 28 43 46 29 65 32 74 73 28 45 16 82 7 21 25 9 65 29 78 30 73 72 65 69 45 61 60 15 42 40 64 38 24 41 41 72 52 58 81 30 75 15 40 68 47 11 33 50 63 69 17 85 76 15 36 24 71 38 74 30 13 29 53 18 77 19 24 46 69 73 63 5 32 26 35 33 75 51 1000000 84 10 65 61 72 19 14 78 52 41 76 63 55 25 23 18 63 7 12 39 24 65 59 27 29 76 72 81 24 70 11 12 45 28 6 72 24 67 20 30 56 52 8 58 83 51 18 49 74 9 38 25 85 49 6 64 62 82 45 71 45 33 49 36 21 54 16 45 51
79 17 53 75 67 34 67 79 82 55 41 75 61 17 18 22 54 83 27 78 76 47 29 47 85 58 57 52 16 44 70 24 75 71 40 62 10 76 44 49 77 46 8 45 56 56 11 59 82 73 80 85 12 83 36 42 7 40 74 69 39 76 7 28 27 5 83 77 19 77 14 80 48 61 67 5 23 76 33 62 30 46 1000000 42 82 39 23 47 31 32 54 26 77 54 27 54 37 64 30 73 59 30 14 84 18 9 57 79 35 72 47 26 45 66 50 62 58 72 38 85 34 65 16 9 69 82 71 60 54 19 61 26 59 76 30 72 56 34 60 15 63 75 7 25 77 71 19 30 28 5 19
36 84 57 82 84 61 69 26 82 36 9 76 37 53 35 68 24 76 76 27 78 32 80 71 26 70 81 13 75 73 44 28 35 26 60 60 35 34 14 44 30 64 14 29 54 83 32 78 62 20 46 74 74 65 8 33 25 37 6 29 77 79 70 19 27 59 14 71 78 79 49 27 6 69 50 31 43 64 66 30 28 67 46 1000000 20 54 54 49 67 32 23 43 17 54 38 39 69 25 62 17 19 6 74 36 50 43 71 22 39 57 56 80 29 47 62 28 30 71 18 65 13 62 62 10 63 80 34 76 38 23 63 58 79 21 38 83 26 44 83 9 30 17 27 80 28 20 84 74 25 53 42
82 18 81 82 36 74 77 8 64 9 41 8 60 54 21 50 74 22 76 13 64 78 48 83 25 37 47 61 11 79 17 68 44 20 67 27 7 82 13 28 16 40 45 40 23 63 12 30 55 50 51 47 31 11 26 66 56 68 27 85 83 73 44 11 81 41 59 51 29 17 68 46 46 42 50 49 5 5 40 44 33 22 34 75 1000000 63 9 42 29 73 29 68 72 5 42 63 69 65 50 57 83 20 74 17 66 13 41 50 46 69 50 85 6 59 52 79 77 53 74 35 50 67 18 11 63 61 38 68 17 35 82 17 14 54 85 32 25 25 26 68 61 80 63 71 15 55 40 41 81 68 37
49 69 28 48 14 14 75 53 49 56 67 34 7 51 37 35 47 79 43 85 49 29 28 41 73 48 51 77 58 50 57 12 9 8 23 9 31 10 8 79 39 8 19 7 56 57 39 68 53 61 37 64 39 70 74 81 70 58 60 50 12 24 46 15 33 39 10 73 26 64 40 13 23 69 83 53 30 14 48 59 59 25 70 20 12 1000000 15 80 13 47 40 45 46 12 75 54 41 8 40 72 61 60 84 41 81 42 67 73 9 85 5 28 59 23 31 18 71 62 34 64 16 19 65 42 67 17 71 65 32 56 35 16 36 33 49 70 26 24 32 84 81 49 18 36 81 80 41 40 27 24 25
38 37 63 69 23 53 76 30 26 53 8 39 14 49 5 6 64 83 38 62 59 48 14 46 49 6 55 56 36 54 71 20 84 42 47 34 27 64 71 63 46 58 10 11 34 10 21 18 54 67 25 10 61 58 57 46 47 30 72 82 28 71 79 59 24 37 20 46 44 16 8 7 64 51 36 73 65 23 51 30 36 17 23 32 63 50 1000000 60 72 10 50 74 67 40 20 14 58 70 34 7 5 15 10 23 34 40 70 15 71 29 81 9 61 58 44 51 57 16 17 83 61 70 72 5 40 29 84 11 56 8 38 30 33 81 68 22 80 68 22 79 71 56 23 71 70 84 70 24 11 80 13
62 24 34 34 13 52 55 44 76 39 30 57 63 54 44 55 62 6 24 63 38 64 58 32 6 63 25 24 25 32 31 7 32 48 20 46 65 31 6 28 60 43 61 81 20 24 48 46 12 47 80 62 6 57 19 47 54 79 40 21 78 41 30 25 47 38 8 12 46 17 63 57 42 80 55 20 27 16 27 43 80 49 71 51 38 51 19 1000000 56 22 49 42 35 8 54 21 71 72 48 23 46 37 50 25 34 36 47 15 67 52 10 44 72 55 40 40 53 41 40 37 10 52 84 19 63 26 9 54 66 51 21 66 5 77 22 79 73 25 44 11 15 57 69 26 52 53 59 38 82 84 45
71 82 12 17 15 85 19 25 32 12 59 52 61 57 43 44 60 53 71 12 29 84 23 8 84 7 52 45 36 16 16 5 36 9 64 29 64 85 54 54 83 11 11 49 60 55 57 76 8 45 71 20 82 45 29 61 37 22 52 69 82 69 75 23 5 73 13 54 34 61 48 69 70 37 60 26 48 56 21 67 77 9 48 9 39 81 48 55 1000000 52 63 77 52 48 69 63 8 80 69 17 5 41 62 19 32 56 40 61 70 68 29 68 69 37 48 23 71 15 15 26 57 10 41 49 12 42 44 30 78 65 16 68 72 63 52 26 6 53 79 27 28 35 75 7 21 73 84 9 72 26 27
80 44 68 54 37 36 72 68 66 74 17 76 11 9 6 79 69 53 59 53 29 83 74 63 24 9 71 44 75 54 36 35 6 64 28 27 6 23 11 78 37 5 18 8 50 13 14 55 81 49 61 29 85 60 52 38 37 85 14 85 56 48 58 26 36 18 75 58 75 80 17 30 30 34 56 36 29 22 33 69 50 41 26 14 22 47 47 84 20 1000000 13 11 8 55 37 17 32 11 79 41 41 41 12 74 68 70 74 56 23 56 56 18 16 51 33 13 34 44 79 47 76 42 25 18 55 58 74 8 66 61 44 31 83 12 38 66 80 39 78 85 7 57 27 37 36 63 18 47 31 39 60
6 79 5 53 46 62 40 11 14 59 65 17 27 69 54 81 27 85 18 7 62 66 66 30 78 51 67 69 71 34 5 59 75 28 18 49 76 41 60 20 26 62 39 73 36 18 36 35 30 12 82 41 37 33 30 16 28 43 17 11 61 56 22 21 67 13 65 25 51 13 69 25 9 79 25 6 60 5 27 70 14 38 75 61 67 47 74 14 61 79 1000000 61 50 20 61 49 48 19 35 21 36 52 29 41 11 41 25 74 61 40 25 69 80 54 49 38 42 66 18 61 34 45 62 14 73 66 39 13 14 59 77 43 25 8 14 32 19 12 61 85 79 51 68 15 57 82 46 37 60 84 50
21 63 8 53 56 30 14 67 35 74 34 53 12 69 20 12 64 64 22 63 71 30 50 36 31 6 50 65 76 6 10 24 46 37 47 42 72 11 53 71 73 45 40 32 53 47 38 60 22 21 25 81 31 60 49 75 79 77 47 26 75 51 41 43 56 37 59 34 81 60 59 63 62 5 72 62 75 65 50 75 78 54 67 77 65 55 73 8 77 7 6 1000000 26 15 73 85 81 33 50 25 79 45 41 39 17 14 25 36 15 79 74 79 42 70 47 6 51 16 40 45 77 31 40 25 67 60 67 72 28 58 5 79 26 34 48 17 15 61 75 60 66 32 66 73 42 66 73 50 56 69 71
49 23 46 59 49 54 27 57 10 57 79 52 67 75 65 35 29 58 34 18 6 30 5 41 70 85 38 70 51 55 34 84 59 37 50 51 19 51 71 56 23 34 9 7 66 10 29 5 36 52 48 13 41 75 55 74 11 31 25 71 84 47 24 37 16 36 67 57 79 21 30 43 77 13 74 54 15 6 34 68 46 32 35 54 68 50 84 14 15 58 21 54 1000000 29 77 24 25 41 79 63 61 32 67 74 64 41 22 21 39 14 62 58 66 18 65 6 51 17 71 36 57 85 18 46 16 22 53 78 28 58 81 71 12 34 35 17 7 6 47 54 64 38 22 11 29 23 43 8 77 16 28
26 59 71 32 26 59 59 49 46 65 57 29 75 76 81 40 43 32 71 39 43 58 63 80 78 58 58 73 25 13 72 83 41 31 51 9 10 79 14 7 20 27 15 71 67 49 32 51 30 76 22 53 84 78 42 15 49 33 74 45 59 38 30 43 23 74 18 38 21 36 77 20 26 78 51 17 58 22 68 12 70 29 69 65 73 30 29 36 81 81 43 57 11 1000000 84 8 41 83 52 62 53 63 9 64 67 32 67 79 36 48 11 45 15 30 71 80 12 39 34 61 57 32 41 52 57 33 54 33 21 34 54 80 38 78 33 37 78 16 37 13 50 18 32 52 51 11 70 11 82 63 6
41 74 37 56 79 78 59 83 52 71 82 52 23 29 83 57 50 37 48 79 24 40 62 9 76 84 30 39 67 7 10 30 62 35 5 46 65 14 62 38 45 68 80 10 40 35 76 61 80 12 30 24 35 84 77 78 40 34 35 22 77 48 42 79 60 43 35 44 24 49 27 10 5 66 52 71 5 28 20 46 66 24 70 68 82 38 84 21 63 32 24 53 58 84 1000000 51 35 16 64 67 77 37 78 15 44 52 5 68 36 68 63 58 17 5 77 7 7 42 78 59 66 29 58 17 24 41 37 10 22 39 63 18 32 80 79 23 47 72 44 8 38 74 11 78 50 78 54 49 22 69 49
33 9 73 38 56 5 29 52 55 78 53 63 71 16 19 35 58 51 21 42 51 72 66 70 71 41 77 13 40 34 5 34 54 25 54 65 16 13 33 10 19 28 17 50 11 27 33 54 53 14 84 31 68 23 48 18 48 66 77 12 5 46 30 82 22 35 22 64 35 52 51 22 52 15 66 68 49 55 65 10 23 78 30 62 51 64 14 49 52 8 75 17 53 31 27 1000000 11 58 73 6 43 23 6 82 25 7 47 25 55 30 10 35 5 30 80 62 56 20 57 25 25 81 14 77 66 54 85 24 59 24 64 20 49 31 6 17 66 54 41 56 83 70 18 29 84 56 48 5 64 26 72
76 54 36 16 80 35 35 28 23 26 63 43 32 60 36 11 36 44 36 30 49 31 43 56 45 82 71 46 29 51 75 19 62 8 25 54 82 61 63 26 37 27 67 77 75 39 17 43 63 30 74 81 80 38 74 53 15 70 26 19 36 54 85 36 12 73 82 67 21 43 78 35 47 33 81 16 22 7 10 77 31 21 68 24 12 14 5 64 28 62 72 21 13 30 33 53 1000000 9 42 60 69 22 78 55 59 24 17 15 71 24 51 19 12 18 65 25 61 15 30 74 8 82 37 66 85 57 30 40 67 9 55 27 13 65 81 46 30 61 83 34 17 70 18 82 12 56 24 31 47 51 73
28 53 25 7 85 60 75 39 47 29 69 35 7 79 16 28 33 24 83 34 34 43 45 19 13 45 49 34 40 41 37 24 67 14 68 81 56 30 43 55 20 61 60 82 73 71 13 43 65 64 13 36 73 29 83 65 64 22 75 53 10 81 66 79 53 22 15 16 64 42 11 65 67 16 6 68 58 44 23 66 25 65 28 56 21 60 68 62 30 11 15 66 73 28 18 30 6 1000000 5 79 28 60 50 40 36 13 31 31 81 19 28 37 76 29 13 60 9 29 60 21 35 55 55 66 81 44 36 71 10 14 59 24 46 48 74 77 54 44 48 24 80 9 53 64 70 5 76 35 76 85 27
54 33 23 43 21 20 14 10 73 48 43 59 24 28 34 78 52 65 81 68 11 45 32 67 38 57 83 34 42 79 64 19 74 37 27 60 85 26 19 66 29 72 6 76 21 27 66 5 59 6 31 60 26 52 13 18 82 25 77 78 16 41 22 54 44 50 76 85 63 42 41 22 36 60 33 15 8 63 14 69 30 25 82 12 22 29 70 59 85 84 79 51 27 60 78 5 14 30 1000000 82 47 73 8 83 72 16 44 58 61 65 26 27 46 59 82 28 48 48 35 19 32 66 81 26 19 64 84 43 75 36 57 72 40 7 74 30 83 48 39 56 44 43 19 36 11 31 10 28 38 15 10
22 78 59 36 27 43 51 8 15 32 45 85 22 79 22 70 81 72 51 24 22 76 69 31 62 24 62 80 11 54 40 56 11 84 30 54 6 14 28 15 69 52 9 11 72 77 52 50 23 7 14 9 49 42 35 26 23 46 59 43 66 36 61 36 47 30 77 69 54 38 43 16 9 81 52 8 58 63 21 81 74 68 62 81 62 9 32 33 65 55 56 22 55 29 13 21 84 25 33 1000000 56 68 10 61 33 10 83 45 46 42 26 27 76 39 47 63 53 53 33 43 16 33 72 62 28 24 52 8 14 17 27 58 65 45 58 19 31 6 20 62 31 19 58 71 50 65 45 11 84 82 21
6 36 84 74 23 50 35 16 80 84 60 40 15 42 77 10 68 31 46 38 9 31 70 45 25 15 65 84 68 46 60 82 72 10 56 60 19 38 69 44 67 76 65 68 78 34 8 32 44 23 85 37 71 7 36 78 85 56 18 45 69 77 32 42 14 59 20 71 42 40 82 46 12 18 6 33 64 8 25 22 23 66 78 13 64 40 26 11 85 50 82 81 30 65 51 84 34 35 25 54 1000000 85 41 32 78 17 77 46 29 16 11 53 25 11 20 51 29 15 32 80 5 15 69 54 68 76 61 73 44 53 18 45 63 35 36 22 41 43 47 80 12 56 57 12 52 33 17 36 33 46 82
28 74 58 12 32 53 44 25 49 65 19 52 31 22 5 24 68 59 49 20 30 77 82 37 82 38 80 83 13 30 63 72 10 57 69 40 54 34 61 20 20 41 30 27 12 79 70 38 78 42 44 63 41 73 34 60 72 23 74 64 71 42 29 46 34 28 80 36 77 28 21 83 56 40 41 60 32 45 26 79 13 19 10 61 71 52 66 25 83 30 71 59 29 29 10 11 58 9 80 34 48 1000000 41 61 41 56 10 37 53 72 83 78 55 46 68 63 62 50 29 12 35 56 40 21 23 57 13 40 51 61 57 17 62 25 64 7 43 19 70 12 14 6 39 6 75 73 5 46 21 32 85
30 30 31 39 41 82 42 84 60 32 38 70 66 9 16 49 39 14 40 53 67 34 30 71 72 58 5 28 72 62 12 19 72 62 56 29 53 5 72 84 32 15 54 14 52 59 40 67 26 32 78 32 61 53 54 13 33 74 83 45 8 82 19 8 6 13 61 28 6 37 80 36 33 50 23 49 38 36 27 52 78 13 51 22 60 30 39 48 56 40 39 21 46 20 45 23 73 34 35 29 61 71 1000000 33 34 71 56 69 33 29 40 47 45 79 23 47 45 45 70 64 22 13 46 82 81 18 83 26 72 20 69 76 27 28 84 44 46 5 62 39 62 16 38 19 54 70 77 78 62 21 13
20 81 30 78 34 19 36 82 71 82 57 40 69 74 85 8 78 23 31 72 5 42 32 72 12 12 19 38 30 82 47 11 38 26 29 80 52 32 39 12 75 70 84 78 29 74 30 66 25 20 85 52 13 40 68 34 65 38 49 21 50 70 50 52 55 11 82 79 17 70 11 26 73 66 18 43 18 18 16 45 41 59 54 16 80 60 60 20 12 60 83 43 20 81 35 23 85 16 82 68 54 72 9 1000000 79 43 51 65 13 69 6 14 38 54 74 25 44 41 57 30 15 8 43 55 32 49 27 61 22 42 61 72 7 50 39 13 57 46 40 55 25 54 62 41 19 61 47 51 55 31 17
17 5 63 31 43 23 16 39 69 70 39 32 54 7 83 34 78 48 38 73 24 68 68 26 40 35 49 50 57 57 63 6 47 68 30 33 31 66 63 18 54 85 58 51 84 61 23 38 76 60 55 17 68 51 6 79 54 75 57 61 9 66 28 22 65 82 68 84 53 9 71 80 41 12 27 70 78 41 77 32 18 66 76 27 47 68 68 5 66 15 37 12 61 62 58 17 41 10 50 36 65 50 59 44 1000000 81 10 8 19 52 67 31 42 13 37 33 68 7 7 61 16 44 42 18 51 55 72 73 14 43 22 80 75 64 51 81 13 54 78 16 11 44 70 54 15 18 50 66 68 59 15
25 44 26 63 77 55 73 39 47 69 48 63 7 45 6 16 6 26 82 18 52 59 18 36 5 32 85 73 53 13 21 42 59 56 30 30 44 15 39 61 40 40 61 11 63 47 18 19 14 47 33 6 49 34 19 8 30 43 19 83 68 73 85 64 85 24 18 40 22 51 46 65 65 9 41 59 79 34 58 24 19 58 32 29 79 73 5 35 61 37 50 14 40 44 84 15 31 72 78 58 54 72 9 42 21 1000000 73 11 40 5 9 56 71 6 17 77 26 56 79 15 13 40 76 41 35 41 68 34 41 83 23 67 19 12 48 57 49 39 37 39 77 21 65 7 22 5 29 73 82 67 10
14 41 70 24 38 34 19 68 26 39 55 62 47 27 33 74 64 5 32 61 16 8 72 37 8 80 6 23 83 77 70 50 82 62 35 28 68 48 59 36 56 68 19 28 83 36 48 62 10 76 48 77 29 39 18 65 8 5 15 10 66 55 24 74 12 69 39 25 42 49 34 32 59 43 85 62 8 58 72 11 32 11 68 78 5 58 79 44 5 46 24 27 65 85 35 37 25 48 14 42 8 10 39 43 34 19 1000000 22 79 23 72 21 83 10 68 69 18 40 11 57 70 56 68 63 41 78 27 31 68 47 42 82 48 15 13 31 14 16 83 12 49 48 71 51 40 70 13 81 26 49 20
59 27 12 11 85 15 9 78 51 6 29 43 15 10 66 73 21 82 83 58 73 83 24 55 57 76 36 41 49 72 83 47 54 63 57 38 40 15 82 21 47 77 39 67 36 72 80 22 36 25 13 30 44 66 5 51 82 83 60 41 41 25 68 57 79 31 24 85 33 50 75 84 33 63 63 78 84 14 57 51 69 21 29 25 78 75 43 21 11 53 9 62 46 5 49 50 62 83 32 30 25 62 68 30 79 11 62 1000000 46 45 21 78 82 56 83 33 53 80 67 29 23 59 41 69 76 85 28 12 33 83 28 40 5 57 45 64 64 34 52 41 81 17 35 7 69 56 69 9 29 77 79
20 74 29 48 36 65 50 43 59 63 31 58 29 68 47 61 52 71 53 84 76 71 45 63 73 23 83 44 81 22 51 17 85 77 31 34 9 13 14 40 84 42 40 10 21 71 82 50 74 18 27 63 63 55 22 72 64 52 12 46 52 71 26 48 82 77 62 57 65 47 75 75 32 5 22 9 68 64 11 51 82 38 61 61 57 71 39 41 27 16 84 55 40 62 17 68 5 5 83 55 5 53 32 84 51 42 36 24 1000000 15 73 41 46 29 56 27 50 78 31 13 33 23 39 6 31 56 25 6 22 32 59 80 17 22 68 36 37 5 9 71 28 46 49 15 40 10 9 71 23 43 25
79 37 41 14 33 60 25 71 11 64 36 24 47 33 47 30 33 9 30 39 12 67 83 47 29 36 49 69 68 56 68 33 54 70 27 52 24 30 40 53 67 6 69 54 28 72 50 17 47 51 38 37 11 5 85 63 22 39 5 7 77 29 5 56 67 19 57 64 8 80 49 16 11 49 14 46 27 21 73 45 66 55 31 26 13 44 80 43 74 35 66 84 31 46 56 9 70 66 52 60 21 10 81 69 14 38 5 79 31 1000000 78 10 38 10 12 59 65 61 49 49 53 50 36 56 50 63 73 22 60 57 64 81 25 30 50 6 35 22 20 32 72 39 48 64 25 25 67 85 44 56 43
29 53 56 57 12 82 53 16 35 66 42 42 48 76 52 75 37 85 68 28 40 57 82 70 80 70 41 28 44 53 23 73 63 82 31 45 8 69 49 55 35 82 26 6 39 18 29 35 61 77 41 67 61 7 44 70 81 38 28 9 14 56 16 61 64 62 6 21 25 12 37 33 24 8 31 74 58 47 10 34 72 24 19 5 63 21 66 16 57 36 5 62 80 23 33 84 82 49 80 60 12 51 37 59 78 20 64 68 79 68 1000000 17 47 26 46 49 41 8 73 30 48 53 60 34 18 79 59 8 49 77 78 52 43 73 13 81 48 51 14 52 62 10 21 37 29 14 16 53 9 32 38
52 21 8 42 27 46 11 47 35 71 63 23 20 34 80 46 55 55 13 14 56 44 25 69 40 10 45 60 34 68 36 72 10 85 65 61 50 64 69 63 19 42 29 11 6 24 53 42 58 36 60 16 20 53 37 36 43 84 42 41 15 61 73 8 46 41 81 46 50 27 26 49 32 54 31 8 78 69 55 77 59 47 14 41 19 60 49 18 35 59 49 27 83 14 16 16 66 17 70 57 41 48 62 46 14 67 68 34 44 69 21 1000000 36 79 78 62 61 25 5 53 32 69 60 9 13 11 69 29 64 37 62 67 28 63 25 16 44 57 33 38 17 65 29 69 55 44 11 64 6 76 50
27 68 34 63 77 66 66 33 50 32 64 48 41 63 21 59 27 83 34 59 55 75 28 43 25 6 41 14 68 60 25 70 48 7 80 43 33 51 40 75 28 77 49 78 82 27 33 65 72 43 65 45 30 66 24 68 74 12 65 79 56 24 70 9 51 21 41 34 21 32 34 59 25 62 55 13 31 51 41 15 17 49 41 70 49 44 17 21 70 84 27 11 57 34 28 7 14 9 76 20 44 46 46 24 68 66 59 44 51 15 53 10 1000000 81 54 15 18 79 20 12 23 27 82 55 36 46 75 82 74 63 51 30 5 42 36 67 73 82 70 45 29 76 51 7 7 80 10 74 75 48 56
32 75 17 53 35 12 15 10 82 76 6 60 8 17 7 31 44 33 47 51 18 71 40 30 48 74 21 13 35 47 82 84 11 50 52 20 83 37 40 55 27 84 39 56 13 75 54 16 59 66 80 58 71 40 66 64 38 18 42 40 78 55 35 6 58 11 39 5 7 79 17 66 48 48 18 80 23 65 79 16 34 33 22 26 25 32 55 57 28 24 46 52 36 17 58 23 21 49 73 76 9 72 47 31 30 34 45 21 22 61 40 43 66 1000000 46 46 57 68 66 23 27 31 23 83 32 46 13 49 49 73 74 20 52 5 67 67 56 83 35 12 71 15 55 71 38 54 18 70 72 52 18
28 58 8 44 31 79 61 40 80 33 18 13 39 64 41 68 40 57 71 19 59 57 75 27 64 79 14 55 68 28 50 22 69 10 77 81 36 23 41 35 20 73 69 75 83 64 71 32 30 42 79 79 24 57 21 76 72 69 84 53 10 13 30 53 19 22 79 56 13 62 35 79 28 27 54 25 10 18 45 39 36 12 12 82 58 50 62 32 84 64 64 78 34 77 20 57 43 77 44 32 79 60 22 55 43 62 65 59 81 46 27 38 77 26 1000000 67 23 49 19 59 56 19 26 32 20 8 81 69 73 60 48 43 81 28 25 36 59 31 82 27 33 27 81 14 45 83 43 70 84 72 55
32 49 66 79 44 5 67 83 10 35 75 52 27 37 58 58 14 61 63 29 55 11 13 36 43 33 29 49 20 11 39 5 72 47 39 6 56 38 7 47 39 78 60 6 10 69 19 31 34 59 27 25 58 76 20 82 43 26 52 49 10 54 41 43 57 27 24 85 47 65 52 17 50 14 32 49 48 35 10 78 9 37 80 70 52 9 9 61 76 36 32 63 51 36 73 70 28 78 74 13 13 28 47 60 28 77 35 71 29 31 39 33 22 52 17 1000000 61 49 24 46 52 85 9 7 40 40 56 84 63 62 72 14 68 18 6 58 45 12 20 7 35 78 37 36 72 61 38 62 26 59 47
78 49 61 29 12 40 23 50 10 55 11 29 20 26 47 16 68 17 36 22 74 41 28 12 26 41 9 61 56 79 82 30 21 29 61 83 5 74 35 20 80 11 17 59 35 9 40 11 65 50 57 85 40 69 55 29 28 67 50 14 53 62 9 9 84 32 28 30 51 81 30 20 42 38 80 83 6 23 37 57 39 32 68 62 71 26 63 53 15 63 12 64 20 80 81 84 16 20 84 9 72 49 43 67 74 58 83 63 57 82 7 23 61 49 46 13 1000000 46 34 74 75 83 50 11 81 24 42 21 7 80 38 72 79 33 67 18 62 17 43 47 22 41 40 49 38 58 33 58 85 72 11
40 25 70 76 9 43 15 13 18 25 50 39 37 84 29 82 19 53 56 32 58 49 46 75 78 53 58 46 14 16 80 10 34 33 73 46 60 83 26 13 6 48 27 12 43 29 45 19 59 29 32 46 12 45 15 52 13 58 8 44 39 77 68 67 65 55 56 49 64 48 16 38 61 84 21 28 46 10 25 11 51 34 66 37 6 29 70 19 20 45 66 71 85 66 57 41 18 56 26 59 82 11 13 21 31 82 27 17 45 15 79 51 24 49 76 68 81 1000000 72 24 36 83 19 17 31 85 75 19 77 29 57 5 67 9 72 80 68 10 49 34 64 42 21 13 61 78 14 26 6 70 48
59 85 67 70 24 15 19 75 54 81 66 52 49 31 6 14 83 40 51 17 41 51 39 11 6 11 26 76 20 31 7 66 22 58 61 28 56 48 82 19 42 11 66 7 61 32 11 13 43 34 40 78 35 73 73 75 56 42 72 59 59 41 50 85 18 53 78 36 57 54 50 74 62 7 77 12 16 78 27 37 56 11 23 22 36 65 11 32 46 77 83 17 16 24 50 60 30 64 48 38 64 15 15 44 63 31 38 33 7 70 30 47 17 66 85 22 30 42 1000000 71 82 61 43 47 27 33 30 57 64 31 85 47 37 20 58 27 81 62 5 81 36 39 20 8 76 49 21 45 23 65 29
77 60 81 84 12 26 20 66 74 47 55 10 53 43 17 50 61 20 81 48 13 76 29 61 50 46 52 80 21 73 27 67 25 49 71 52 29 55 15 24 6 24 57 79 34 59 41 10 79 46 40 8 66 80 65 54 62 55 47 67 80 50 48 81 67 55 51 18 63 33 78 38 32 49 79 49 30 10 80 58 48 5 59 75 69 42 33 71 37 19 55 55 67 61 40 7 25 70 24 49 68 69 27 67 74 69 53 50 43 49 49 60 5 78 8 52 73 32 31 1000000 78 35 39 77 57 73 5 66 22 79 45 49 5 23 57 13 65 31 76 63 54 9 40 70 19 77 9 84 60 22 15
16 18 81 18 81 47 53 34 40 18 39 40 9 64 45 30 28 12 74 76 59 71 34 68 25 55 21 62 49 80 65 60 60 5 27 67 41 83 40 33 18 48 48 71 11 53 39 83 45 71 32 42 20 35 50 56 66 26 12 44 32 55 52 7 41 73 82 53 8 17 78 69 23 80 59 83 83 53 51 77 65 45 29 9 23 79 54 18 42 6 9 42 9 28 5 22 38 36 15 32 58 64 5 22 44 17 20 11 35 14 19 49 59 22 37 8 29 9 16 57 1000000 48 82 58 83 6 51 74 5 73 31 8 70 57 27 48 30 13 19 83 15 9 12 22 17 42 62 70 67 26 39
27 82 60 25 80 83 64 75 44 6 57 85 5 47 54 83 57 54 55 40 41 74 63 83 8 27 39 19 56 37 54 77 74 59 78 50 16 80 33 78 47 10 13 62 64 83 72 69 76 25 39 41 49 68 23 39 52 26 27 79 21 42 12 19 65 40 56 35 73 36 11 24 60 46 36 41 64 5 8 57 77 82 32 79 67 46 14 66 18 48 23 29 66 18 75 75 47 28 66 69 6 9 10 13 24 65 54 44 16 48 58 55 45 5 51 83 81 28 48 17 6 1000000 47 70 55 69 20 58 79 42 35 27 37 7 46 28 40 45 11 79 65 26 15 36 50 56 45 12 63 33 27
43 49 37 32 6 6 10 13 7 38 20 62 44 6 35 75 83 67 35 60 85 20 33 67 35 15 33 76 71 76 15 13 31 45 35 51 44 14 13 31 32 19 69 66 77 33 49 79 51 76 16 51 51 46 44 15 80 47 53 61 5 21 40 6 16 12 46 9 35 83 75 68 17 17 35 64 23 35 61 52 48 66 68 57 77 38 39 45 64 19 80 37 37 17 74 14 27 30 70 70 71 70 34 9 53 29 45 66 5 10 42 30 67 29 79 72 42 38 5 72 13 58 1000000 75 62 73 5 85 62 78 21 29 82 48 54 72 16 34 28 8 51 6 38 27 84 30 53 69 65 50 22
64 64 30 37 81 42 51 43 84 50 27 68 30 54 18 32 56 61 50 62 64 37 67 48 21 32 26 73 8 66 55 38 11 17 78 83 84 24 80 69 26 81 38 31 33 53 13 66 83 26 29 66 64 24 46 36 29 62 19 65 83 39 65 59 60 16 28 47 27 46 61 61 7 83 38 35 64 56 16 43 53 31 57 75 33 24 70 21 7 81 37 69 30 30 76 6 65 24 70 27 47 62 40 10 11 33 10 70 77 72 64 45 60 18 72 66 69 35 65 61 38 52 85 1000000 55 80 83 81 68 40 36 64 70 20 71 11 19 27 28 32 11 55 61 70 65 47 35 30 34 13 60
27 85 60 81 35 15 6 68 69 22 48 47 59 72 17 46 17 85 54 34 55 64 10 70 35 83 45 35 10 45 48 9 12 62 59 15 13 50 26 80 57 9 8 42 58 52 50 46 63 74 72 49 66 45 50 77 78 48 75 35 59 5 71 23 35 82 55 7 51 48 56 18 54 63 48 21 55 64 13 64 75 29 9 51 63 74 55 33 55 78 65 22 47 52 27 61 70 44 14 48 58 41 37 74 14 75 83 35 74 23 74 61 84 21 40 26 40 55 64 67 45 84 16 13 1000000 74 78 28 27 42 6 84 13 44 66 77 12 77 42 40 70 15 34 24 24 57 69 31 52 49 75
48 9 20 22 13 38 32 64 72 67 11 43 58 84 61 50 15 36 56 83 45 8 9 29 37 7 56 41 61 33 61 9 16 28 67 21 58 78 12 43 48 21 16 9 37 18 37 84 22 54 72 23 38 57 72 14 31 30 10 59 59 17 80 82 61 10 20 77 56 45 8 44 44 62 33 27 19 52 62 44 23 68 83 54 38 22 38 80 69 8 38 45 19 28 32 17 85 77 12 52 37 55 71 72 62 50 71 54 12 66 65 39 10 26 60 14 58 41 33 81 74 10 32 18 12 1000000 17 16 26 6 71 69 47 27 22 63 45 85 46 54 37 63 39 69 17 8 58 75 47 54 39
25 43 34 70 82 57 6 21 6 10 35 78 15 28 16 55 70 50 10 26 55 59 44 11 23 83 34 15 16 83 25 16 75 34 63 58 17 46 64 11 68 14 20 62 10 63 83 15 76 50 27 77 38 82 63 14 31 63 71 35 12 70 60 67 16 20 31 22 7 84 66 31 60 24 68 59 13 50 12 46 31 8 40 64 46 56 53 24 25 22 14 13 50 13 10 72 73 40 70 58 52 26 75 71 15 41 26 29 16 61 44 44 53 53 19 53 28 8 55 39 60 80 27 46 26 43 1000000 81 6 53 72 47 18 71 18 50 46 24 17 68 69 79 59 57 58 9 62 28 57 35 64
63 30 52 11 40 57 13 83 82 12 84 18 13 64 82 28 6 78 10 34 9 85 77 18 78 51 18 83 54 58 13 37 27 84 25 30 59 16 53 85 82 79 5 41 37 51 76 42 80 68 29 7 65 69 31 69 17 35 8 35 77 29 17 76 81 48 47 41 39 62 64 39 51 49 60 14 68 49 83 65 10 79 70 56 66 36 71 17 35 12 53 18 61 36 85 38 59 19 83 51 30 72 38 27 20 69 52 76 48 61 76 58 85 81 14 42 43 54 7 59 5 24 19 78 67 74 16 1000000 16 68 36 57 54 26 39 81 6 72 55 62 36 57 43 53 84 56 68 12 8 62 43
15 55 77 62 22 16 32 62 64 5 13 35 6 65 37 55 76 6 52 7 70 67 44 48 57 42 79 66 34 53 14 77 38 9 33 64 7 34 22 36 16 78 48 29 81 6 77 56 21 43 35 46 19 38 10 30 42 57 33 75 62 27 39 83 40 25 17 24 31 7 44 49 38 27 17 17 49 78 45 82 49 73 10 76 38 75 16 79 19 17 31 76 60 19 58 22 70 65 59 59 75 18 63 41 27 34 28 30 14 79 26 43 19 29 81 59 65 5 30 19 40 20 64 50 12 75 79 57 1000000 49 42 47 30 51 62 40 56 72 25 78 57 19 69 69 35 13 80 19 7 11 77
51 56 22 46 80 15 37 78 41 15 54 63 53 9 11 25 14 67 85 70 85 62 82 74 40 19 30 50 37 7 75 12 14 58 23 57 53 15 37 38 15 29 49 32 43 63 36 21 27 42 8 48 47 28 28 81 30 46 21 74 63 84 16 37 48 58 76 5 10 37 61 65 40 60 6 57 81 33 22 65 59 68 70 21 70 42 50 78 71 74 29 84 77 21 62 38 61 38 51 50 82 17 73 33 24 68 61 83 57 77 33 73 12 11 62 26 42 58 43 50 11 12 5 81 10 54 35 67 26 1000000 37 70 19 38 82 42 78 46 24 57 51 35 26 80 55 64 43 38 75 31 14
51 12 56 42 8 79 41 17 5 19 81 27 38 79 32 48 47 14 43 39 82 13 37 8 77 25 56 16 82 13 70 42 56 79 25 67 55 63 30 72 59 75 38 11 15 19 17 51 48 81 59 55 64 57 41 53 9 78 20 39 64 11 41 40 35 25 7 62 8 38 64 76 27 8 18 59 58 65 11 80 29 15 46 85 10 63 44 15 28 32 67 23 7 65 44 35 68 22 66 73 35 45 41 6 78 47 44 13 14 34 34 11 78 70 23 74 40 84 37 38 76 19 9 30 82 59 29 74 24 26 1000000 85 84 64 83 85 82 68 30 34 9 56 67 49 58 34 11 42 52 84 77
26 42 19 66 20 63 50 43 85 43 67 85 51 71 32 11 45 65 51 12 43 54 6 29 36 47 47 58 47 69 19 9 60 83 41 51 65 65 39 22 7 24 37 51 6 30 9 64 21 82 35 78 35 16 43 85 68 72 51 11 80 31 85 39 57 44 14 73 31 80 50 26 17 15 61 24 28 73 52 18 80 24 81 33 43 84 32 11 54 83 19 52 53 23 17 48 65 17 51 30 85 75 29 82 26 29 12 79 34 48 44 34 80 68 14 43 41 52 54 8 31 80 37 10 77 12 11 41 29 45 39 1000000 45 82 30 23 80 32 25 83 29 44 50 11 65 47 66 21 25 51 70
21 6 17 7 39 17 10 58 61 80 41 23 17 54 79 20 45 43 8 16 64 5 62 80 23 17 17 6 28 36 29 31 40 77 58 60 46 62 70 63 46 64 65 60 7 20 29 25 83 5 44 20 14 22 25 27 48 81 25 59 81 54 23 80 10 60 17 24 67 35 81 82 5 10 14 28 76 69 55 10 13 39 23 21 47 47 10 36 42 30 74 9 82 77 37 57 60 48 41 37 85 76 61 26 55 50 36 64 8 22 13 70 19 32 68 10 83 71 84 19 67 59 74 40 22 38 43 46 47 31 72 15 1000000 50 45 11 11 46 65 54 72 77 38 8 61 26 74 64 74 39 18
29 16 47 47 12 62 5 14 12 33 29 51 55 16 31 10 84 21 43 56 40 27 48 6 30 35 10 9 11 14 44 17 69 41 20 43 81 19 62 85 50 15 24 84 44 75 19 60 63 46 68 62 34 83 62 85 59 81 32 61 35 77 20 62 15 51 18 39 37 54 53 15 66 36 47 5 50 57 29 57 41 81 81 32 53 65 37 8 40 22 20 23 14 49 42 66 12 58 12 32 49 83 46 85 45 47 83 61 77 29 73 28 7 42 83 78 16 68 57 63 56 60 56 71 17 24 52 78 13 25 65 54 49 1000000 34 35 78 28 19 35 44 13 34 57 56 62 27 23 80 76 26
54 5 34 81 49 66 80 59 43 74 80 83 56 53 30 46 13 66 24 40 85 55 77 51 65 48 80 74 20 59 9 23 81 52 44 74 72 24 60 60 58 64 55 45 67 85 24 16 20 28 64 9 82 23 43 10 11 75 16 58 63 58 66 41 22 58 38 38 70 18 15 58 24 56 36 42 18 59 11 30 67 12 45 35 76 46 33 19 42 72 67 62 36 25 34 24 46 38 21 17 17 34 37 6 73 36 83 77 32 42 6 11 53 36 62 6 55 35 25 30 59 49 22 74 80 33 63 20 31 67 53 84 84 36 1000000 9 8 18 12 48 42 47 62 70 18 37 63 85 75 70 47
74 68 84 79 49 63 40 30 50 24 31 22 26 71 75 46 82 79 61 75 26 13 57 80 79 27 61 42 56 6 30 35 7 8 32 69 30 74 55 17 66 60 25 65 51 9 50 18 17 79 64 84 39 67 21 81 19 34 35 74 45 43 69 50 79 10 59 32 10 53 42 13 65 75 49 81 28 18 19 70 36 5 63 83 70 28 69 27 62 27 67 67 47 15 53 78 24 46 61 39 83 69 73 37 23 12 11 5 45 5 9 7 55 11 16 55 69 69 12 61 80 30 73 79 56 50 18 61 78 6 13 28 55 67 75 1000000 33 27 68 29 60 83 75 15 43 7 54 34 12 78 8
5 75 29 59 35 58 15 38 62 61 70 40 31 50 45 62 18 63 7 47 6 74 38 82 80 46 57 77 58 71 84 66 28 20 6 30 74 52 55 68 62 7 68 59 23 42 84 32 74 70 24 25 46 46 79 50 42 24 29 73 62 14 53 73 9 13 58 17 31 16 42 58 67 17 27 56 59 48 76 63 34 83 65 17 36 59 82 49 19 44 15 34 64 31 70 5 47 16 62 58 40 83 77 76 19 81 56 67 50 27 49 73 14 61 46 62 27 5 79 38 56 59 68 32 28 71 26 72 59 65 74 62 60 58 82 26 1000000 51 23 24 30 62 15 5 35 57 10 63 43 85 52
15 6 50 64 78 22 13 16 39 36 77 46 25 9 81 61 12 49 32 21 12 20 60 64 20 49 57 25 7 44 21 7 79 27 38 12 70 53 22 17 79 49 22 50 53 32 23 22 8 84 77 39 39 10 13 55 11 25 29 12 82 34 9 71 81 8 46 35 18 70 75 26 59 34 42 48 23 59 47 30 43 39 40 44 44 76 76 34 52 54 10 32 63 56 18 10 62 8 37 53 59 15 72 55 58 18 34 55 50 41 16 75 6 84 82 30 52 78 5 33 15 78 64 51 46 49 68 61 46 50 70 85 57 75 50 55 46 1000000 18 64 18 44 55 52 73 25 31 55 10 78 52
82 51 46 55 65 18 16 37 55 37 58 31 45 14 21 34 43 47 11 73 31 42 82 81 70 83 45 56 29 11 46 22 68 37 80 77 8 24 15 68 60 43 78 13 79 56 23 76 13 23 85 8 57 45 49 20 60 8 59 72 45 12 44 43 45 56 78 6 19 26 66 18 39 66 42 15 16 66 78 44 68 71 85 31 28 57 16 83 10 76 34 13 73 60 84 33 81 63 58 62 20 44 81 52 45 43 9 58 81 65 83 20 38 60 30 56 17 54 69 10 60 43 64 73 72 29 15 40 22 38 82 68 22 73 20 11 25 66 1000000 42 21 27 7 71 63 33 73 46 48 30 69
17 71 79 16 76 82 32 18 56 27 28 22 59 63 47 68 29 36 59 45 21 80 70 75 68 45 65 85 20 64 8 30 38 29 32 17 9 64 68 56 49 80 74 59 19 28 27 37 6 10 41 5 58 47 16 72 13 25 49 67 40 43 47 12 83 32 61 59 34 35 64 66 57 9 73 43 44 78 32 50 70 11 56 27 33 73 6 13 7 20 18 9 20 82 30 61 75 43 60 49 28 17 45 15 5 32 28 61 6 45 55 25 59 63 16 29 44 35 25 80 77 85 56 66 57 57 77 65 25 16 74 66 82 28 19 78 84 33 59 1000000 39 22 39 72 54 45 38 47 8 25 52
76 71 13 46 9 24 18 49 26 24 9 37 18 60 75 7 80 51 66 59 50 32 61 38 78 78 52 43 79 8 36 16 9 40 31 53 77 43 56 58 16 74 75 25 67 16 59 69 16 8 67 41 69 47 75 67 64 46 10 15 50 56 8 6 65 11 47 19 62 64 61 16 38 80 70 50 72 83 43 17 39 27 69 36 72 57 28 80 26 71 68 74 16 48 8 82 8 43 34 80 19 29 40 35 15 10 56 52 5 54 42 22 51 67 39 23 21 12 12 19 28 83 33 40 33 70 63 20 50 40 32 15 70 69 20 6 82 73 51 75 1000000 54 24 66 49 44 58 26 49 70 23
43 5 44 43 6 18 57 5 48 67 28 68 78 27 69 52 26 33 26 70 65 41 83 44 49 48 19 75 81 21 84 79 22 67 37 33 20 20 17 26 79 42 5 18 42 26 16 20 11 83 55 7 63 41 24 50 12 37 77 38 35 27 20 78 7 9 84 48 64 42 17 27 76 52 11 56 23 18 38 8 61 84 58 22 24 53 8 73 69 11 64 31 52 10 38 28 69 13 57 67 23 10 27 59 31 26 12 36 71 54 37 19 40 57 15 19 15 43 82 79 78 43 12 43 34 34 59 16 49 6 70 5 9 46 14 14 30 65 15 51 8 1000000 19 56 62 51 33 23 59 82 18
18 75 57 7 7 79 41 80 27 61 60 53 85 52 81 15 44 42 24 31 24 63 74 78 24 12 54 20 24 36 57 32 14 20 82 56 39 22 48 6 70 14 28 8 51 41 12 6 56 37 81 12 64 60 32 71 65 45 7 14 25 49 22 47 29 24 11 81 81 22 12 21 76 15 77 52 7 64 83 62 51 36 53 51 16 29 30 47 60 85 62 60 82 32 12 70 22 29 47 55 79 12 41 36 67 23 31 29 5 55 31 77 18 37 81 33 5 56 7 62 29 32 58 55 60 58 25 5 60 25 12 59 17 79 41 69 74 32 52 40 32 63 1000000 53 49 39 14 12 50 55 8
47 77 10 25 10 45 83 75 64 27 64 12 79 14 40 8 69 25 74 61 54 55 6 60 79 77 12 61 31 47 82 13 84 11 42 7 12 56 79 14 68 45 8 60 34 27 79 18 65 27 70 33 16 28 78 33 69 77 79 57 56 30 40 64 49 48 45 66 24 49 54 46 56 42 48 64 34 9 59 17 50 10 65 25 48 78 25 30 84 49 67 16 68 41 47 50 17 56 61 83 71 7 35 43 43 31 39 19 51 46 11 62 32 6 51 67 40 77 67 64 46 30 10 72 54 50 42 18 48 67 55 5 24 74 26 58 83 73 57 75 65 10 75 1000000 81 8 23 11 69 18 22
60 15 18 55 82 39 50 31 76 8 52 77 69 50 22 20 68 69 76 17 48 67 22 54 15 35 6 13 43 83 17 62 81 61 51 28 7 22 20 62 68 73 53 13 34 38 65 60 32 58 47 28 35 62 78 64 76 6 43 36 83 54 67 60 37 37 49 78 57 31 37 53 70 18 59 43 38 55 52 63 75 66 38 43 11 34 53 32 6 59 22 10 16 42 78 68 83 47 44 75 10 43 72 45 16 74 45 8 81 27 11 9 78 29 5 28 76 13 31 70 67 48 54 50 16 70 65 38 46 83 17 38 33 57 30 69 47 7 16 67 58 43 10 22 1000000 42 54 10 71 39 73
51 14 73 10 38 53 63 56 27 18 62 63 45 51 45 7 84 30 78 32 11 30 62 39 66 11 26 20 44 61 38 44 77 84 33 17 56 20 55 62 28 30 34 12 27 81 5 64 18 30 52 8 23 14 51 18 11 59 17 59 47 25 56 82 29 54 29 64 18 61 42 31 48 67 14 84 53 8 51 81 65 46 77 13 18 52 67 22 78 79 56 52 60 42 68 37 6 5 27 31 21 76 7 64 49 15 68 29 70 60 7 32 21 72 20 81 82 40 49 8 65 45 50 30 15 60 79 63 30 22 57 42 63 73 48 80 11 71 21 38 11 34 82 23 32 1000000 59 55 77 51 38
27 31 55 48 23 17 39 36 38 17 74 69 53 79 29 80 14 81 46 13 76 60 21 65 40 39 44 83 49 62 36 5 23 45 44 66 37 46 43 11 17 43 14 63 36 32 49 71 51 40 62 78 82 49 17 67 40 68 45 42 40 6 16 24 56 22 46 31 80 21 80 38 38 42 31 33 42 42 51 31 25 71 18 84 46 37 82 16 81 22 14 18 48 5 52 13 67 45 19 65 38 14 69 26 50 85 53 64 9 66 34 44 27 39 34 20 53 49 5 16 70 27 33 30 15 64 52 14 62 46 42 56 12 20 7 46 20 37 70 19 72 32 83 58 5 32 1000000 84 38 63 22
23 12 84 11 64 52 59 76 45 38 44 17 13 15 41 47 18 5 70 44 26 26 11 40 41 9 69 12 84 69 84 48 77 30 75 53 47 50 38 9 67 27 78 19 10 16 24 85 54 16 11 19 19 38 31 34 81 51 63 34 33 65 7 9 50 34 46 78 65 79 77 6 72 18 66 11 78 22 30 78 73 57 9 75 63 54 42 31 23 82 35 70 58 74 8 84 56 52 62 24 36 61 29 44 80 51 61 53 13 56 55 27 68 61 78 6 31 76 22 32 83 37 64 59 51 34 67 16 84 26 54 61 37 79 18 10 60 73 5 79 77 43 21 73 83 73 67 1000000 78 44 19
29 44 68 20 44 35 30 83 60 13 38 35 38 52 55 15 15 36 50 28 7 75 32 27 73 42 42 55 37 47 67 79 75 32 38 60 38 71 67 63 74 46 36 6 11 33 79 7 36 15 81 57 54 12 73 65 56 79 56 56 14 7 39 20 33 21 28 29 84 23 65 76 46 48 61 85 49 61 48 38 49 35 21 19 76 70 32 61 55 6 49 69 70 29 76 71 11 78 50 24 72 85 14 65 73 31 36 44 73 84 81 10 57 62 71 19 32 46 66 17 58 53 55 24 46 36 62 17 21 57 70 71 31 78 12 25 85 52 39 70 13 17 51 71 48 67 12 34 1000000 21 73
27 62 28 44 10 61 5 23 36 67 10 67 24 26 14 9 59 44 58 65 85 9 75 40 49 78 62 9 26 60 35 16 71 9 73 34 7 61 49 80 59 17 85 31 46 85 53 37 12 57 32 53 5 33 18 32 7 27 43 36 29 59 76 52 18 67 11 78 42 36 44 41 28 60 83 77 80 42 33 23 65 18 74 14 7 82 25 36 35 46 65 19 10 28 26 41 20 33 84 57 38 14 35 81 29 43 28 26 36 41 14 59 5 18 32 19 65 38 25 13 44 47 85 30 15 54 66 43 39 32 78 13 77 32 8 36 60 54 79 78 84 79 78 31 9 52 27 84 20 1000000 64
81 63 39 27 29 82 75 69 9 43 20 28 63 70 48 54 52 30 60 40 82 35 68 37 49 19 38 19 20 27 24 37 9 71 64 61 8 30 82 6 59 44 54 54 11 54 79 21 84 50 33 52 82 44 43 35 49 74 75 41 12 36 50 40 80 58 76 48 82 68 80 34 21 69 81 13 26 40 26 27 53 36 53 68 12 77 28 27 23 66 42 15 84 60 67 45 59 80 29 52 29 55 23 85 16 35 29 58 70 80 61 73 16 18 74 50 42 84 49 52 72 61 66 45 39 37 74 45 67 67 82 67 69 51 40 37 18 39 40 16 40 16 60 8 53 70 65 63 64 34 1000000
