150 15 79 220 7
7 10 6 10 7 11 14 8 9 9 8 14 12 17 8 
7 5 3 8 6 5 4 1 1 5 5 9 3 15 2 
30 29 23 21 21 20 20 18 17 17 16 14 13 11 6 
1000000 35 11 44 27 71 14 43 56 47 43 58 18 17 76 66 65 48 48 20 66 19 68 59 9 43 47 24 26 85 77 53 16 13 15 30 33 12 54 6 17 55 76 71 42 62 67 79 32 59 15 52 33 38 79 26 60 29 50 19 13 8 72 62 30 20 68 55 37 31 10 32 84 23 18 30 63 53 51 74 24 18 81 67 23 77 56 59 71 68 46 68 68 30 74 83 33 6 48 45 46 9 72 23 37 82 24 53 79 42 65 13 15 71 10 13 33 21 10 43 6 62 47 25 24 63 52 69 53 72 69 9 78 16 71 81 14 59 31 42 73 81 58 66 54 82 80 34 7 5 28
43 1000000 69 77 37 47 13 68 38 43 57 54 54 12 25 21 35 41 47 12 9 66 58 23 67 82 15 24 50 57 9 83 64 54 63 11 17 65 24 7 9 81 84 21 85 46 18 75 49 29 54 67 19 12 83 64 83 85 48 20 84 42 21 54 42 20 71 29 9 55 61 52 29 63 50 85 14 10 10 67 37 8 71 77 78 32 34 16 85 69 72 58 69 44 19 23 59 77 59 15 18 58 13 17 58 24 8 62 60 58 8 68 46 37 15 50 14 20 50 8 49 49 27 6 34 51 14 81 23 31 5 31 20 5 42 52 8 82 34 23 28 63 19 66 49 38 21 8 31 51 47
65 42 1000000 42 75 46 28 80 15 18 73 79 44 25 53 23 21 33 45 70 36 35 28 42 52 58 10 21 81 7 55 14 14 21 58 43 75 58 23 80 59 43 50 15 36 61 85 52 72 12 53 57 6 58 46 61 31 52 42 65 16 28 18 40 19 76 82 24 62 56 28 58 60 27 36 63 48 71 23 50 64 85 16 66 31 42 5 62 84 64 5 32 43 19 85 43 74 82 24 59 65 16 68 34 74 56 40 85 7 20 39 10 5 37 55 72 79 55 61 18 37 50 41 30 81 15 9 14 38 44 73 48 20 72 36 25 13 58 42 41 71 22 78 71 85 31 73 18 57 74 56
40 42 61 1000000 52 77 85 22 25 20 20 53 56 80 64 22 76 43 50 85 65 58 32 66 67 69 45 68 12 61 43 23 68 11 84 32 8 50 65 55 6 72 13 15 55 5 51 10 19 84 5 39 42 34 23 78 41 29 18 60 63 47 54 26 47 58 60 23 62 23 72 45 21 31 28 61 49 54 59 67 54 33 30 61 31 80 11 54 9 34 15 28 51 12 27 34 83 43 83 16 70 41 50 57 63 11 85 71 75 60 79 63 67 37 65 32 48 39 10 10 11 25 49 5 42 5 22 13 59 33 82 55 76 33 63 29 48 82 18 82 15 45 46 73 63 46 37 8 71 10 29
52 15 31 72 1000000 49 29 30 37 43 44 71 54 37 66 49 35 10 44 75 14 6 63 68 61 11 57 68 63 61 20 15 15 35 17 24 57 32 61 83 14 59 76 55 10 28 36 67 33 21 40 50 45 60 18 76 41 83 74 30 42 61 70 82 64 73 38 39 34 7 20 83 17 27 58 36 32 41 5 73 70 59 11 20 54 39 20 77 50 34 74 41 33 35 13 71 44 46 34 52 85 66 41 79 26 22 6 75 69 46 51 79 8 21 55 24 27 70 14 22 31 68 77 32 35 21 34 54 50 82 80 21 85 68 18 83 8 72 81 50 67 63 44 6 33 76 25 68 66 74 45
15 38 22 82 56 1000000 29 45 42 54 12 31 9 45 36 48 61 33 38 49 25 44 7 50 78 74 12 85 24 50 7 67 85 12 8 35 10 6 33 46 13 12 49 59 22 32 62 60 23 50 44 27 47 57 53 6 57 38 73 73 64 10 77 20 57 54 26 5 69 22 84 70 23 15 47 35 27 36 7 26 76 26 15 59 81 18 84 85 63 24 83 82 10 37 48 53 8 85 9 68 16 50 42 24 63 35 69 50 25 56 48 39 68 55 6 44 72 41 75 65 9 73 78 75 38 9 63 55 20 56 49 68 11 7 39 9 37 79 42 31 72 71 48 54 37 31 19 77 47 36 80
73 50 25 24 47 6 1000000 79 11 77 24 49 51 42 85 42 46 68 56 81 60 26 5 23 77 10 61 21 48 6 66 37 83 29 13 75 59 40 27 72 26 13 25 79 19 69 85 74 82 54 60 39 44 41 6 59 40 38 73 72 75 45 48 29 60 23 5 70 24 77 54 51 64 9 76 57 83 34 7 51 72 25 29 85 50 85 68 7 36 78 35 40 28 58 14 78 62 35 62 70 17 29 26 61 13 59 55 39 37 60 50 83 46 16 44 8 68 6 37 30 55 54 60 85 54 9 79 64 50 77 21 77 40 46 8 55 65 71 22 10 15 77 49 51 5 13 29 19 74 65 10
45 8 45 55 21 40 57 1000000 23 81 23 56 44 70 12 25 21 22 66 10 71 10 76 85 54 28 49 79 15 15 76 27 38 30 38 46 37 38 71 63 24 62 75 24 9 85 79 27 70 9 45 14 29 63 83 35 63 71 25 47 22 65 76 12 74 15 71 48 5 15 18 59 82 50 77 62 47 53 70 51 20 22 45 7 28 21 7 48 82 29 10 57 12 44 54 11 81 26 50 14 57 11 61 50 82 84 37 44 77 63 57 28 8 63 38 29 54 13 50 17 20 8 49 7 27 56 83 6 46 63 75 68 65 15 11 73 56 38 8 71 17 15 47 50 17 65 9 24 71 85 41
9 5 53 48 25 75 23 25 1000000 27 25 36 84 47 8 66 85 55 10 33 35 41 47 26 35 50 33 25 58 64 51 77 22 54 77 6 25 79 5 54 27 24 7 8 46 70 5 9 11 19 78 83 23 24 53 8 58 60 77 47 36 22 51 70 32 73 56 14 21 57 77 49 17 60 60 36 65 53 33 55 35 66 55 79 13 37 40 72 52 74 7 82 83 65 35 40 10 83 46 55 85 18 73 11 23 55 8 58 55 60 18 63 82 64 25 26 48 65 57 25 80 41 69 19 52 49 23 85 50 65 85 71 11 30 37 27 79 46 42 53 10 42 75 60 9 57 39 53 31 49 22
21 19 83 50 26 8 60 78 55 1000000 64 14 14 59 74 75 22 26 24 31 26 34 8 72 22 68 50 84 41 47 20 57 38 25 48 85 69 47 73 23 53 76 44 35 53 49 54 65 70 44 57 57 17 24 23 5 79 81 71 18 31 81 82 70 19 39 83 26 53 15 9 6 19 51 66 45 18 62 52 79 37 67 34 25 76 75 14 70 26 8 26 71 57 82 31 61 56 38 7 80 22 54 26 61 77 11 53 16 80 56 47 34 69 63 10 66 84 18 39 69 67 75 55 65 38 28 34 74 51 25 43 82 23 63 13 13 66 55 77 57 76 16 38 66 34 19 42 23 51 17 22
12 22 80 76 30 5 9 56 76 82 1000000 67 18 65 76 49 48 17 5 35 34 68 44 40 33 6 68 50 70 48 16 14 44 78 59 33 52 53 23 34 41 30 66 50 41 54 83 21 20 56 50 69 65 34 52 85 50 60 40 50 56 41 18 66 42 20 62 24 49 36 28 48 68 34 19 54 54 64 70 64 77 84 33 56 69 44 67 34 45 71 5 16 65 45 55 34 60 11 78 10 57 16 38 30 46 27 19 28 51 8 34 10 6 53 73 5 21 19 82 82 30 15 64 30 5 71 84 58 13 73 27 34 34 58 53 65 5 60 31 53 10 83 39 8 79 49 52 48 63 22 81
71 16 37 18 18 39 8 23 84 22 53 1000000 31 78 45 30 58 70 69 20 76 18 65 20 70 62 65 27 63 75 48 21 58 37 53 15 77 69 47 34 63 36 49 66 57 8 62 5 75 56 62 33 59 35 37 66 65 23 34 61 41 51 67 81 24 71 16 29 43 71 85 20 12 24 48 9 47 84 25 64 54 29 57 68 29 26 55 11 48 71 29 46 28 71 74 81 79 60 24 84 68 78 32 81 61 9 36 67 82 45 76 30 5 10 12 22 36 61 83 33 18 71 59 41 48 68 29 25 52 76 50 61 55 61 45 64 13 23 33 19 24 55 64 74 31 52 10 7 56 31 16
57 79 77 57 74 31 5 22 72 67 44 53 1000000 74 73 13 15 82 68 6 31 58 83 51 44 15 7 35 83 8 80 70 52 24 64 38 19 80 62 40 33 53 54 69 48 34 80 38 16 10 24 45 85 79 77 67 13 72 66 60 45 54 8 19 60 82 22 23 8 20 60 36 9 85 39 38 54 19 49 42 52 83 29 74 74 12 48 70 75 6 25 68 7 38 47 22 49 17 83 76 58 13 37 78 18 71 14 80 21 67 9 71 33 49 17 76 32 27 34 56 30 82 61 49 25 39 49 75 30 32 64 45 21 40 76 5 15 46 44 46 9 15 83 6 42 19 26 40 30 70 75
49 62 16 58 69 73 57 20 15 80 64 46 27 1000000 42 35 85 60 41 9 7 6 39 14 45 45 75 41 11 36 71 22 38 81 12 54 58 40 79 33 37 45 73 67 62 20 59 52 26 71 11 34 66 54 8 35 15 44 17 28 21 61 6 51 72 57 20 72 36 68 41 39 56 60 65 12 26 72 50 30 36 24 33 43 23 28 75 37 74 8 28 34 58 25 36 76 21 79 26 36 72 43 7 63 30 12 57 26 53 69 54 32 54 73 72 68 18 21 16 73 6 15 6 36 55 62 40 57 49 55 38 14 25 80 36 31 10 11 70 13 62 36 62 22 81 85 70 42 6 81 23
49 50 51 43 69 37 22 7 66 30 82 55 48 65 1000000 43 61 22 65 42 47 49 82 53 55 79 56 69 43 77 35 29 60 32 38 70 26 70 22 81 71 73 69 65 48 38 60 43 63 72 11 29 37 63 13 7 30 81 18 37 5 32 28 84 27 51 83 39 6 7 7 82 26 44 35 55 68 51 50 16 79 60 19 8 27 6 81 73 39 50 31 54 30 45 28 27 68 24 83 80 69 57 80 85 34 5 11 60 82 9 22 69 15 58 44 47 85 84 29 12 48 22 45 40 67 66 82 47 39 14 63 25 18 70 38 76 56 82 62 58 25 82 58 21 19 79 19 28 66 42 17
59 38 40 19 50 70 73 14 6 10 82 6 22 20 57 1000000 54 66 8 45 85 22 15 55 79 33 11 31 57 8 11 81 56 21 76 43 57 56 74 12 62 74 23 76 21 31 80 26 16 78 65 41 39 37 32 56 6 11 72 13 6 41 24 23 69 22 19 47 5 46 23 47 79 13 16 52 31 37 62 47 67 65 73 72 15 15 45 61 54 56 74 66 75 59 71 14 33 23 56 70 45 23 14 23 24 9 54 77 19 13 72 39 77 43 50 66 56 80 45 84 64 70 49 34 69 9 54 51 48 70 5 36 78 14 65 19 52 60 84 36 74 8 71 69 19 10 77 50 10 51 28
48 39 67 66 58 5 35 66 49 25 10 66 72 26 54 41 1000000 79 66 32 8 63 84 81 27 83 61 45 79 46 60 77 85 23 70 59 55 35 52 53 42 35 32 37 35 73 80 52 63 35 81 48 84 23 46 36 23 37 75 27 73 81 19 62 66 31 28 81 50 82 36 16 74 68 31 42 54 39 70 30 50 57 45 7 10 29 30 82 25 76 63 15 37 69 41 67 58 45 54 11 19 12 47 25 39 83 76 61 44 75 58 66 52 33 16 15 85 16 69 7 79 70 47 81 17 77 35 7 10 17 44 16 80 55 21 78 83 72 30 40 42 25 28 80 33 22 21 34 38 68 43
23 83 39 31 15 22 57 28 30 80 7 49 73 66 21 39 15 1000000 84 40 81 33 5 23 31 78 5 58 21 23 67 73 10 69 45 33 27 63 45 61 34 40 29 17 49 67 39 50 73 80 41 32 41 75 55 13 27 53 19 80 17 71 22 63 23 59 38 73 29 27 13 38 61 46 53 70 11 49 54 54 75 21 74 77 24 9 44 83 61 71 78 58 31 64 31 55 16 17 73 56 20 69 64 26 9 30 34 35 17 81 53 57 13 75 32 72 30 32 67 16 29 17 70 21 82 29 75 78 71 84 60 81 55 38 65 85 82 8 49 49 31 9 30 61 32 71 32 5 23 35 63
65 16 82 40 42 55 47 43 16 83 20 68 52 83 84 16 34 22 1000000 57 35 7 67 41 23 71 52 23 19 70 46 45 14 51 29 30 42 71 59 53 55 9 23 61 14 41 85 24 72 29 82 67 49 24 79 24 78 59 38 32 19 25 22 61 73 59 27 9 43 65 78 15 51 17 17 68 36 71 10 8 80 16 64 38 79 37 76 53 25 35 85 20 79 71 25 68 85 36 6 33 23 81 23 24 80 84 27 13 18 40 17 39 84 64 78 38 79 58 10 14 23 62 12 49 47 37 57 54 7 42 35 32 16 80 23 36 71 32 62 45 6 37 58 79 71 75 21 47 77 73 54
30 43 17 61 39 35 38 44 15 52 23 62 8 54 62 11 85 41 70 1000000 84 59 64 83 77 71 29 25 5 39 18 54 37 30 67 65 38 70 56 21 82 68 39 27 6 31 48 38 18 8 60 44 46 84 29 47 57 21 20 36 50 65 61 27 50 59 60 57 51 79 18 16 76 62 21 17 6 72 54 66 35 55 17 58 12 42 81 26 43 40 72 20 76 48 5 23 5 16 48 48 62 30 36 52 78 64 38 74 26 62 56 6 18 5 18 47 31 44 74 19 69 43 16 18 74 83 41 12 36 19 26 61 26 26 64 38 26 61 78 8 76 53 7 20 17 44 15 85 53 31 37
54 34 64 81 69 76 52 28 59 6 80 58 82 34 41 49 70 45 65 85 1000000 64 37 49 39 25 28 33 64 46 7 52 65 84 41 36 7 18 63 71 28 30 54 82 47 75 22 9 67 57 64 61 52 6 30 77 31 13 67 21 16 71 75 56 83 40 31 15 59 7 74 66 48 5 30 83 42 58 62 70 41 13 9 16 49 53 57 53 34 41 67 56 75 5 85 60 41 67 24 56 60 55 80 81 43 65 75 52 43 58 79 26 49 9 59 61 61 44 13 34 47 34 53 8 84 48 24 28 68 13 17 27 82 9 34 27 6 71 60 60 27 42 55 61 44 73 9 25 66 25 18
19 65 41 44 43 55 9 80 39 47 64 13 12 42 33 63 44 75 31 53 13 1000000 59 10 10 16 52 5 42 44 12 5 9 84 10 24 81 26 65 15 79 22 7 76 22 18 14 13 82 19 30 17 67 60 15 19 65 62 69 26 74 18 22 52 59 70 21 15 85 69 9 75 36 17 53 52 72 46 76 78 74 55 44 35 77 16 24 82 56 51 41 50 69 52 7 6 5 23 37 31 22 28 19 67 66 21 40 38 22 10 27 49 46 30 85 17 69 68 23 85 37 46 29 19 84 36 50 56 18 40 54 76 50 9 47 34 55 9 58 73 39 25 38 10 39 15 47 58 5 39 34
27 37 52 72 19 26 68 30 77 83 80 14 57 41 10 38 5 8 82 25 47 27 1000000 56 34 79 75 30 9 74 29 63 74 62 80 84 47 49 51 19 7 58 51 28 66 34 85 54 81 6 29 83 68 57 55 25 24 59 53 61 32 37 13 25 77 5 43 28 17 24 37 27 55 37 71 58 46 73 59 67 64 20 37 82 45 37 37 41 53 82 70 7 68 70 69 30 59 39 57 9 7 58 76 15 40 8 8 68 54 73 49 75 65 72 61 76 65 79 28 80 8 82 50 31 44 60 13 33 17 26 82 63 85 21 68 45 61 24 67 37 67 48 72 33 10 51 70 38 55 73 81
17 44 21 69 22 23 13 48 29 10 8 67 65 14 78 72 11 22 85 64 77 22 77 1000000 38 15 43 50 21 64 52 10 47 18 17 84 19 44 44 79 51 28 5 65 56 56 32 16 58 39 67 60 68 53 23 59 31 59 85 29 39 14 22 64 46 51 42 62 48 36 25 64 21 48 33 68 24 17 73 80 82 61 45 27 16 45 25 39 50 19 19 53 46 46 44 47 5 29 43 28 26 76 25 65 35 15 72 38 18 11 53 16 55 64 67 23 23 12 19 24 85 20 56 82 17 41 15 78 79 17 32 43 56 27 72 62 39 48 85 27 56 38 27 25 15 32 71 50 63 16 47
71 59 43 63 12 22 49 27 68 33 34 13 21 61 60 17 51 33 20 46 22 30 35 83 1000000 75 45 68 48 80 66 69 39 42 7 84 84 28 39 30 69 75 19 44 61 27 19 11 63 72 72 76 83 77 74 53 58 45 82 48 34 47 68 23 71 8 66 22 5 15 76 7 22 19 12 46 44 29 13 11 34 27 51 54 72 84 52 58 31 55 10 81 33 77 5 62 6 58 24 30 13 79 21 45 40 42 62 48 72 57 67 47 39 71 43 61 73 47 56 47 56 40 6 32 64 43 56 59 21 27 66 29 26 84 29 14 39 69 69 25 80 28 67 20 66 36 60 28 19 11 71
9 16 17 80 22 23 77 31 50 51 17 17 53 67 21 47 78 71 31 82 33 81 77 61 82 1000000 41 17 22 58 17 29 21 27 39 40 46 26 62 48 74 17 16 55 6 12 29 48 60 36 47 59 80 20 47 13 66 82 68 43 36 54 12 49 47 26 16 76 40 63 5 84 85 25 23 76 77 48 63 13 54 39 64 41 8 56 8 63 19 21 43 47 43 82 24 67 61 5 82 46 24 58 8 43 27 78 25 15 58 70 62 73 22 58 48 21 76 51 80 26 15 16 36 19 30 66 29 8 53 47 38 50 80 37 61 71 9 44 62 60 33 65 6 71 81 55 48 32 77 49 42
25 27 40 30 20 50 53 24 43 37 84 26 56 8 14 28 54 57 15 14 77 36 73 13 32 46 1000000 62 76 82 17 26 25 82 80 82 11 61 38 32 73 12 68 14 7 11 81 29 26 68 30 71 42 78 77 16 24 52 74 5 84 47 44 74 33 79 43 6 78 57 50 14 47 40 49 17 43 77 24 50 9 6 81 56 6 60 34 60 77 64 42 5 27 78 63 73 13 6 10 16 21 55 54 81 27 33 75 18 8 10 55 56 41 26 53 8 45 85 58 71 30 70 50 81 36 9 58 68 70 85 11 30 48 63 28 77 30 32 9 30 20 42 46 47 44 23 28 78 58 40 12
53 19 77 68 25 53 33 57 54 21 76 85 61 84 51 10 83 72 34 32 70 56 67 33 78 15 74 1000000 19 24 26 43 8 45 19 21 84 72 84 28 74 58 37 6 51 22 10 70 32 61 83 39 58 12 36 80 39 29 48 18 39 67 52 42 12 38 18 50 41 29 48 34 35 30 29 53 20 73 37 26 49 55 8 73 10 73 60 19 37 30 70 43 15 18 69 59 75 50 27 23 20 41 42 27 67 42 36 73 79 35 14 66 29 50 59 39 46 18 22 64 85 49 69 21 13 63 56 66 45 83 44 66 23 41 10 57 13 64 80 27 13 19 55 34 42 85 18 59 85 79 42
74 8 77 11 56 57 72 52 34 36 25 18 19 73 82 23 42 50 67 70 36 60 24 81 81 28 48 28 1000000 7 47 24 18 70 45 82 36 18 76 18 66 71 83 68 41 47 83 16 31 10 56 38 70 48 33 80 48 38 13 62 21 9 17 61 40 47 37 61 7 48 46 36 50 51 50 53 30 7 55 85 79 73 44 56 82 7 74 20 45 8 60 23 16 21 11 76 42 30 51 36 77 15 33 60 45 85 41 7 13 63 40 85 53 32 25 62 6 25 5 26 78 11 16 52 11 33 33 68 37 44 77 52 73 45 68 83 69 11 36 21 32 34 17 22 18 10 81 76 16 80 83
60 63 62 55 6 83 72 85 45 71 31 21 83 43 75 42 56 81 71 11 63 78 77 36 55 38 76 44 20 1000000 45 78 37 70 39 62 62 18 80 44 46 14 60 48 5 18 47 80 18 76 30 78 5 7 7 44 64 19 71 7 68 35 40 70 43 38 30 56 82 62 66 44 47 6 78 82 81 42 18 48 16 24 54 63 38 49 40 84 33 28 75 63 64 38 65 17 15 27 75 11 37 51 47 51 12 54 48 27 41 65 10 74 69 43 45 39 84 85 45 14 49 7 62 84 27 50 83 42 38 67 5 62 25 36 49 34 19 11 53 61 53 81 9 46 8 6 63 37 32 27 64
18 56 76 12 38 18 22 12 6 37 59 72 79 41 13 47 66 79 48 38 47 34 11 71 35 61 71 7 53 45 1000000 10 72 30 19 76 36 8 73 45 24 35 78 68 74 68 60 28 62 38 27 9 51 42 48 85 40 34 55 5 12 17 22 81 47 77 26 7 10 73 25 79 24 15 22 24 75 28 57 54 7 52 41 49 77 7 35 80 6 52 52 48 16 78 52 51 13 57 29 51 78 37 24 32 72 28 81 22 69 19 45 79 79 76 85 84 17 83 26 50 37 64 38 62 28 55 58 51 17 45 24 38 27 48 62 15 52 52 39 50 24 57 31 30 25 79 63 81 59 80 36
5 51 22 8 61 57 77 17 11 54 42 84 30 60 5 83 34 56 83 67 68 81 59 56 56 12 44 27 26 46 20 1000000 69 84 62 25 78 54 34 21 37 7 63 45 66 49 70 33 44 77 8 67 22 39 31 52 6 41 84 60 34 5 33 82 54 22 37 78 75 30 21 54 77 66 51 65 83 22 8 81 55 59 49 44 23 42 68 38 55 81 35 64 30 28 68 63 9 57 30 72 42 59 18 44 39 25 24 31 44 21 25 49 31 78 80 25 12 18 21 37 78 41 41 28 12 40 78 52 18 57 38 47 81 76 72 85 38 18 76 76 12 8 48 59 82 66 45 80 34 20 59
58 15 80 37 74 49 24 10 6 21 54 51 8 52 47 71 80 80 56 74 19 18 84 75 29 32 46 76 56 23 10 15 1000000 9 50 31 57 77 19 57 31 48 16 18 22 39 35 26 32 54 60 30 31 6 71 40 58 32 70 18 83 51 47 37 70 34 68 79 32 77 11 77 18 38 60 17 9 17 46 47 19 84 41 17 35 43 78 13 17 55 66 24 46 33 21 35 22 10 77 11 64 66 75 75 35 59 36 32 84 17 47 27 42 18 62 62 30 65 38 66 29 62 25 82 32 77 56 49 60 38 54 26 21 81 74 67 19 35 82 49 77 40 5 44 62 32 55 33 42 79 45
8 51 9 59 8 78 85 75 7 11 11 57 84 43 62 47 8 76 53 18 58 40 10 48 10 12 49 20 84 6 85 72 85 1000000 17 78 74 9 32 80 79 57 40 17 18 28 20 24 75 35 34 66 82 38 56 31 11 71 72 67 14 34 21 55 63 13 36 34 20 24 60 67 58 37 82 29 75 9 75 54 24 68 78 22 11 44 54 79 66 63 81 58 47 73 34 13 43 73 69 35 48 43 35 70 60 39 42 53 46 45 31 17 43 43 29 18 36 57 73 25 45 32 58 64 36 40 71 51 55 13 79 65 61 17 26 20 72 39 38 6 54 55 30 8 82 25 12 58 59 47 59
53 10 39 65 78 80 6 16 9 24 83 76 35 26 47 59 22 69 42 67 36 14 39 23 84 29 36 22 6 8 61 40 43 72 1000000 7 53 64 83 26 9 26 6 71 56 50 16 45 8 64 70 34 38 53 12 60 62 67 26 32 85 19 74 71 17 72 32 85 76 56 46 40 34 81 12 45 40 16 81 79 28 18 63 7 66 50 37 60 27 9 72 27 25 60 30 43 82 73 79 11 11 34 8 78 52 37 63 83 41 40 72 47 52 21 13 61 73 19 17 24 26 48 58 32 73 37 50 85 50 37 69 6 71 13 58 19 78 58 63 14 17 63 85 23 53 28 57 76 9 49 59
40 41 23 15 77 61 74 45 81 29 76 10 33 61 85 69 57 22 75 74 9 30 41 76 31 38 12 70 51 41 54 21 9 29 84 1000000 43 31 62 42 5 10 59 60 75 6 26 18 51 58 34 39 56 69 50 77 24 16 46 32 10 55 53 40 47 29 69 35 77 80 77 9 67 36 31 40 25 28 62 34 10 15 34 55 55 59 85 8 23 83 41 44 10 77 31 43 67 53 19 83 49 16 63 51 33 84 79 10 17 50 64 29 44 42 17 5 13 82 60 30 68 31 67 76 56 71 65 25 24 5 72 63 14 57 85 45 27 15 77 83 48 63 84 29 67 58 11 25 37 42 73
42 60 80 5 68 13 65 42 64 75 51 66 84 13 44 31 58 64 50 61 23 66 51 13 37 77 31 80 22 72 41 15 27 5 76 79 1000000 73 63 76 66 40 28 5 60 50 43 60 11 9 10 36 59 16 10 53 65 81 31 19 39 7 27 65 82 11 13 7 37 23 61 25 32 35 33 74 7 12 62 67 47 24 14 12 81 11 12 34 56 38 6 68 38 17 76 24 15 52 45 85 71 30 73 83 84 32 76 70 43 72 36 25 28 50 13 17 41 58 59 70 37 72 24 19 52 55 20 28 11 57 76 8 77 39 78 45 35 7 12 9 7 34 46 19 85 16 41 37 64 12 18
59 34 38 39 80 81 19 22 74 20 52 51 39 51 11 13 57 42 51 40 5 22 67 47 33 31 14 59 49 73 14 25 27 84 34 75 16 1000000 41 69 53 12 85 50 32 64 80 77 30 64 69 18 61 30 49 82 45 48 82 84 8 59 18 45 54 59 52 35 21 52 53 54 76 41 29 31 13 53 31 28 29 11 48 53 13 18 82 75 84 10 51 24 26 50 64 58 48 43 42 46 59 26 62 22 64 22 57 74 85 50 45 20 8 23 50 46 31 20 42 51 83 11 17 61 75 83 34 7 63 65 13 35 14 31 31 81 30 50 52 5 43 40 6 48 84 12 49 26 57 15 60
75 23 63 65 73 45 6 52 7 15 64 67 5 36 72 12 18 53 17 57 21 66 78 77 43 78 54 5 73 9 78 32 26 81 27 64 27 62 1000000 29 6 69 10 70 65 67 54 39 63 48 83 83 74 17 26 78 10 62 67 66 39 59 33 10 9 46 53 67 35 82 80 7 73 85 30 77 47 29 24 42 73 73 28 60 84 18 37 54 32 13 83 52 55 24 57 73 67 18 38 59 50 51 56 50 57 38 5 31 63 51 32 16 45 6 53 58 31 80 59 36 85 58 45 19 7 31 43 14 32 43 15 31 25 35 78 60 46 42 25 35 71 68 5 21 67 84 13 5 44 61 39
30 70 74 22 85 48 44 22 28 46 56 42 49 62 66 58 27 81 63 31 38 58 60 67 12 48 67 48 85 11 46 68 51 85 61 13 16 73 41 1000000 42 84 60 48 63 19 49 62 57 74 9 55 74 49 5 50 7 80 65 69 83 59 33 12 44 70 73 29 82 73 32 19 69 56 20 75 11 38 45 48 11 62 24 70 80 7 81 82 83 57 37 66 39 83 73 33 42 25 36 30 67 36 36 39 49 29 78 46 24 13 54 29 31 83 82 31 53 25 67 43 83 15 17 44 32 8 11 49 16 62 42 44 68 53 40 33 76 52 72 82 18 85 46 55 52 20 73 23 84 65 83
80 54 72 49 39 73 24 22 14 24 16 37 10 33 69 50 54 76 49 18 69 79 65 8 30 74 57 7 57 59 80 75 76 36 18 15 48 58 73 44 1000000 32 68 64 27 85 79 80 41 71 74 65 51 17 5 48 49 63 24 73 40 11 13 62 28 68 43 70 24 25 80 14 35 69 25 63 9 20 71 50 47 59 49 34 19 57 67 82 79 70 16 78 82 80 64 43 8 48 73 66 20 76 43 18 83 52 10 79 28 44 28 48 66 33 53 48 85 73 6 52 48 77 62 31 63 58 77 78 45 60 59 66 29 25 66 11 29 10 68 5 25 18 25 71 32 19 20 59 29 72 7
25 53 25 20 58 47 70 33 63 12 19 19 30 72 18 18 76 15 84 15 6 28 37 63 79 72 23 44 42 78 77 83 33 46 40 21 68 26 47 30 35 1000000 21 84 55 65 53 12 80 28 82 7 41 17 11 59 9 24 32 44 14 29 7 78 62 53 60 65 31 40 14 50 67 59 47 83 7 9 19 80 81 65 61 30 62 69 5 37 36 10 34 45 69 40 9 55 51 31 36 29 45 7 84 18 11 16 33 50 81 18 73 55 39 85 30 28 61 62 63 33 80 16 69 75 28 20 48 79 28 14 38 60 43 31 22 18 36 31 44 37 11 18 23 74 68 38 22 15 19 30 84
69 36 33 21 62 30 68 84 68 18 51 59 74 27 5 57 78 83 21 80 21 54 52 72 74 30 31 50 33 84 68 11 57 82 64 10 74 46 30 45 25 8 1000000 46 67 14 76 83 56 44 78 73 27 33 7 65 19 31 62 42 80 43 42 5 83 49 39 16 6 81 8 64 11 24 15 12 37 44 14 13 15 33 80 83 9 85 45 47 82 82 64 8 73 82 67 56 42 83 8 35 50 49 46 26 58 29 55 11 8 39 82 74 32 43 24 81 6 56 37 36 7 10 83 27 62 81 24 33 83 47 43 55 69 14 70 65 33 39 38 9 51 78 43 77 37 34 44 47 72 42 40
53 67 19 14 58 30 27 31 40 52 72 61 61 84 57 31 74 61 48 17 32 83 66 44 80 18 7 9 14 34 75 59 46 69 17 16 66 42 68 64 12 44 74 1000000 75 65 52 84 65 21 74 33 11 62 77 35 36 80 34 9 41 19 54 48 58 49 23 80 54 63 21 58 25 34 9 52 64 63 19 47 38 81 21 43 9 30 72 42 38 35 15 63 19 73 67 46 28 44 69 18 5 31 33 51 73 27 52 47 34 44 29 70 12 53 37 42 54 39 15 85 12 5 79 21 34 76 5 74 21 80 84 41 27 25 79 67 9 68 81 44 75 35 50 20 31 33 24 24 40 71 66
44 62 42 29 48 31 22 64 66 25 70 33 60 54 40 32 49 44 64 21 60 53 62 57 32 83 11 37 77 71 11 66 78 11 57 84 81 27 8 6 81 37 27 13 1000000 9 39 47 7 43 55 18 53 57 47 31 36 26 82 61 54 45 62 73 23 77 17 41 62 84 19 22 43 73 36 69 48 57 78 47 13 51 68 6 19 23 22 37 40 21 35 25 49 48 69 33 35 80 10 70 29 74 67 52 27 55 65 68 31 62 74 54 43 34 20 71 64 58 84 39 45 16 17 24 33 68 73 28 12 63 28 72 66 21 8 35 28 30 81 9 48 49 66 44 47 77 47 46 15 43 56
14 67 84 45 80 49 60 17 20 7 24 73 77 51 35 8 15 76 18 44 59 54 42 46 66 12 35 39 47 57 46 12 15 14 10 45 77 22 11 43 80 38 81 33 71 1000000 46 75 32 31 22 83 62 53 24 15 38 53 46 47 42 60 47 29 85 7 59 23 45 14 21 34 72 21 66 44 79 10 61 61 74 23 69 54 15 82 82 35 63 58 75 46 76 33 10 7 40 83 56 23 33 34 84 58 81 69 27 23 11 35 17 80 5 35 79 19 13 10 29 36 24 32 48 57 72 57 15 52 80 16 45 54 20 70 46 11 14 11 42 43 9 26 18 52 50 41 26 63 59 29 36
16 20 58 25 68 80 71 63 74 72 27 5 17 7 66 24 31 47 78 11 15 69 71 37 21 38 47 59 20 55 5 41 75 43 58 82 45 68 44 11 7 68 21 20 9 31 1000000 37 34 20 85 71 33 29 69 42 60 42 64 66 84 78 58 32 31 5 32 51 26 44 32 9 76 60 57 74 48 32 21 42 16 21 12 47 11 21 13 72 19 19 11 20 23 53 83 44 8 61 18 29 82 82 70 76 6 34 26 6 78 61 38 42 81 82 28 70 81 55 45 18 26 20 75 23 65 24 6 82 9 43 32 20 38 38 62 67 33 39 82 76 60 63 43 61 33 81 74 58 18 58 55
30 20 51 85 77 36 7 69 13 7 57 50 30 31 47 60 18 10 67 60 44 39 54 82 40 54 79 24 85 21 7 13 27 10 45 82 51 72 64 60 30 56 12 50 69 54 63 1000000 77 81 56 77 37 81 80 19 27 41 26 75 79 74 56 37 22 78 15 44 60 43 60 84 5 68 31 72 41 30 6 82 70 44 17 57 51 53 51 82 53 31 45 6 12 18 84 69 58 19 58 48 85 33 48 47 49 52 23 45 48 15 37 48 40 41 24 57 79 55 33 82 18 34 39 62 85 21 41 22 40 11 6 35 51 47 85 19 62 12 40 24 67 32 34 47 16 18 38 67 64 44 58
51 79 74 28 16 20 21 56 39 15 74 80 42 71 26 65 58 36 52 40 39 47 27 38 32 17 42 54 56 48 64 17 13 76 36 26 63 29 79 51 39 9 22 5 52 61 41 77 1000000 44 85 47 27 6 79 42 25 8 61 61 20 60 65 15 9 64 60 33 40 21 80 66 62 16 50 58 74 44 68 65 62 45 77 44 15 19 18 14 36 59 61 13 80 64 7 74 27 23 57 76 47 26 47 25 36 66 55 26 17 51 25 63 17 24 47 9 19 43 44 40 27 79 31 55 65 76 7 39 85 56 77 19 43 52 74 75 53 41 42 15 62 33 42 65 7 35 7 19 7 47 59
23 43 10 18 17 44 64 44 22 59 37 51 38 58 58 79 71 44 78 66 60 35 85 27 63 41 22 17 77 28 21 37 41 40 18 45 19 5 30 13 78 45 72 10 39 82 67 59 20 1000000 26 37 29 34 81 45 28 9 11 5 30 17 11 68 16 44 30 69 50 85 59 25 35 69 76 79 26 63 54 30 11 72 84 84 59 77 68 24 57 83 70 70 14 27 78 26 45 84 25 83 57 51 83 59 58 42 31 56 57 79 58 69 33 63 15 6 80 65 72 9 46 48 46 66 78 41 78 72 14 12 13 42 28 39 36 16 17 78 29 9 43 60 37 15 70 82 9 7 21 34 15
59 21 80 82 49 14 31 34 65 77 16 71 33 70 64 25 63 82 52 36 22 19 44 67 69 12 56 32 60 63 80 21 54 10 76 5 69 36 73 79 51 8 21 16 72 18 33 26 54 52 1000000 31 14 57 30 23 34 65 83 57 43 50 25 40 43 55 52 35 36 30 57 85 22 56 41 31 26 10 45 48 82 9 42 29 67 22 10 26 76 31 52 63 59 34 72 21 28 66 72 83 23 7 81 10 56 21 12 30 77 53 32 66 5 56 72 74 20 38 64 11 45 66 11 67 22 22 83 50 63 46 12 15 30 80 5 15 57 39 31 19 48 35 47 66 76 55 75 29 34 55 14
67 67 7 61 30 5 30 34 44 82 71 26 16 67 81 55 55 27 8 12 14 17 68 81 17 14 31 55 46 40 12 82 69 79 65 71 74 46 17 48 38 7 39 12 9 56 49 5 65 77 49 1000000 28 36 28 70 81 83 26 40 61 63 22 32 39 28 20 33 22 15 39 62 65 49 6 23 30 49 36 10 7 37 28 78 9 61 38 50 79 18 85 53 39 46 56 48 53 50 45 29 72 43 67 30 11 10 40 50 25 84 79 65 43 54 36 8 24 75 39 27 56 43 83 38 7 49 18 77 51 48 71 46 81 33 69 35 37 7 70 26 45 71 31 84 38 49 36 55 49 74 53
46 47 60 56 42 34 73 18 40 15 48 63 23 73 67 74 15 37 32 25 20 39 46 75 7 48 69 5 24 51 66 18 81 36 54 34 38 11 5 82 49 73 77 39 45 8 69 82 5 78 54 35 1000000 63 66 42 21 54 8 32 34 59 13 16 44 14 48 21 59 19 19 32 18 27 29 30 73 52 15 72 36 40 30 69 29 40 15 32 83 66 35 14 80 49 5 80 44 27 31 7 73 64 83 72 49 83 33 56 22 81 51 70 70 25 68 14 31 68 51 65 81 58 37 27 5 67 38 10 14 81 9 49 76 66 60 78 67 20 30 11 52 54 38 49 72 81 48 22 47 24 20
50 16 39 49 56 18 45 79 23 54 69 41 37 50 25 77 12 19 29 65 16 45 33 37 61 26 59 85 31 75 71 75 63 28 67 21 65 66 76 51 83 69 9 31 26 13 45 53 68 55 84 72 56 1000000 9 80 45 23 25 38 25 79 26 64 17 81 49 83 84 33 73 83 56 46 22 79 71 82 61 72 18 55 53 42 47 61 77 45 54 63 18 21 68 66 61 27 32 27 19 85 85 49 21 78 71 28 79 76 61 33 33 76 57 65 28 10 84 72 39 42 69 17 7 67 40 59 10 37 66 10 74 65 66 79 72 48 65 59 74 40 84 9 14 16 34 29 32 40 45 73 27
74 56 34 36 70 16 7 51 6 28 44 56 65 12 23 51 81 20 44 23 54 58 67 65 46 77 26 36 49 45 84 26 78 57 53 47 46 74 57 23 61 15 43 54 30 8 71 61 33 44 6 6 42 83 1000000 5 12 81 35 70 47 51 49 15 70 79 40 7 22 12 13 75 47 14 80 39 23 49 85 79 36 81 5 60 74 48 59 55 54 64 19 72 5 61 38 19 50 14 67 47 72 55 53 17 73 84 5 27 57 56 49 9 12 83 25 50 27 63 42 83 66 45 43 17 51 27 68 9 63 60 39 52 29 5 52 36 83 72 19 31 54 44 26 8 58 83 52 83 63 27 79
57 42 29 76 39 49 82 45 53 81 81 79 58 19 53 31 9 31 67 48 69 34 76 36 67 66 36 19 22 24 39 45 21 10 77 78 69 53 26 53 64 10 37 64 52 85 44 54 83 60 71 13 58 65 43 1000000 36 7 58 42 82 62 78 80 66 54 47 49 82 21 49 44 78 63 23 71 31 44 15 63 22 37 19 26 51 70 66 79 10 75 81 28 58 30 39 6 85 80 49 5 45 47 17 29 16 74 53 10 54 78 41 36 21 76 17 49 76 31 29 71 57 25 60 7 40 37 15 5 62 42 40 51 10 58 9 84 10 30 82 5 23 16 30 70 55 57 45 18 17 35 45
15 85 27 27 73 35 67 72 83 82 16 60 77 70 34 70 47 39 70 53 61 18 77 5 57 15 49 42 74 12 11 52 28 17 36 50 71 9 47 75 35 78 33 45 16 15 12 17 46 68 54 85 56 68 48 50 1000000 85 10 21 62 16 74 48 22 57 48 9 61 57 83 27 50 64 64 35 50 79 84 6 78 33 74 14 36 16 82 27 58 61 35 43 83 83 18 5 68 12 7 24 11 66 22 29 60 23 10 31 26 76 7 31 13 24 73 5 30 56 75 66 84 6 64 71 56 39 7 61 27 67 30 14 29 64 8 46 54 20 55 28 54 83 74 59 44 27 57 75 39 72 20
58 16 49 6 74 66 42 54 77 61 68 50 66 69 69 36 8 51 34 36 44 37 60 60 40 41 21 8 35 22 83 68 31 76 75 68 68 12 83 75 65 10 7 84 17 34 78 14 74 35 24 59 77 43 23 32 38 1000000 83 78 63 42 40 23 37 33 75 58 31 36 10 70 22 40 80 51 33 38 33 7 72 82 14 68 39 74 32 8 50 53 58 61 76 52 59 38 40 74 42 48 78 42 5 5 51 20 53 50 81 68 66 51 76 24 25 7 55 80 36 18 22 30 43 40 64 81 38 33 43 12 71 23 34 81 50 47 77 30 66 19 68 37 30 55 57 10 60 12 53 14 64
31 46 7 23 61 69 63 58 69 9 21 24 33 67 14 10 13 73 8 5 74 46 13 51 10 32 65 75 14 79 30 44 44 8 33 67 27 35 49 85 11 12 62 45 73 53 10 10 71 7 28 75 14 35 67 75 75 69 1000000 35 12 33 61 6 21 10 26 62 35 65 17 45 73 60 78 61 77 35 36 13 39 53 66 55 28 41 42 82 38 5 32 33 34 64 5 16 55 46 13 68 6 51 62 68 11 40 77 39 30 27 81 76 37 37 70 16 18 57 53 72 13 49 84 38 38 59 62 62 57 57 58 37 18 24 74 72 76 83 79 58 7 45 28 56 72 43 9 46 6 8 6
36 51 30 14 31 10 32 81 80 28 49 75 74 40 58 18 68 24 59 82 5 50 27 80 66 47 5 5 39 31 72 78 75 27 55 82 65 77 67 30 33 52 66 80 51 74 60 71 42 60 37 41 67 82 17 11 5 39 54 1000000 71 55 29 12 53 78 72 7 46 68 36 51 73 47 80 84 12 9 33 61 57 68 40 41 81 16 7 37 16 18 35 73 78 46 34 26 67 57 20 50 11 16 24 20 18 54 67 54 27 45 68 8 73 29 44 47 80 35 26 54 69 80 42 39 18 54 71 49 15 38 52 31 80 60 49 16 5 85 66 8 36 14 42 19 77 37 60 11 37 18 78
53 31 73 52 31 24 63 13 74 53 20 69 28 71 19 62 31 27 45 25 81 5 43 60 58 10 29 76 14 68 27 34 63 64 6 55 19 38 32 79 54 29 16 17 20 56 31 44 6 19 51 72 33 77 8 54 9 22 18 22 1000000 14 62 52 32 84 26 39 15 58 46 42 45 77 75 19 35 29 56 57 23 81 14 35 33 42 60 41 57 11 85 12 55 55 40 8 56 18 5 19 77 7 41 10 7 54 75 84 76 23 67 17 16 78 11 57 31 36 35 5 14 17 32 31 61 52 73 48 49 83 6 60 54 53 80 66 58 46 24 5 32 31 56 55 21 67 39 76 74 10 58
46 29 7 58 46 27 19 35 45 55 45 45 28 29 80 36 53 18 54 80 76 85 81 36 43 6 28 80 43 51 46 70 48 80 57 61 28 49 15 36 51 51 30 9 46 70 17 52 37 77 85 8 15 40 22 61 40 42 14 73 14 1000000 81 22 80 20 13 73 36 81 12 21 76 48 17 14 22 78 27 49 22 38 72 65 40 36 73 5 42 32 49 30 53 68 46 37 6 81 23 38 34 43 43 22 36 46 24 76 16 18 68 48 83 15 34 42 25 10 40 6 8 15 44 38 45 59 58 22 83 72 19 81 58 62 50 43 78 65 18 61 59 19 60 18 44 62 38 26 55 82 21
77 57 29 22 25 71 16 34 29 51 43 42 63 67 69 81 10 48 40 42 60 76 68 80 7 41 59 7 29 15 35 41 69 33 7 58 15 80 72 33 15 38 17 79 53 53 20 62 16 6 39 25 50 68 35 32 42 50 29 24 23 68 1000000 32 68 28 24 46 40 6 24 38 85 14 85 61 70 73 35 59 35 62 73 12 52 18 59 40 77 79 13 68 49 29 16 28 13 8 60 20 48 80 46 19 25 47 43 72 19 74 22 48 57 85 28 23 10 48 44 30 36 41 61 5 71 37 73 20 84 6 31 28 78 57 8 21 62 56 61 70 63 45 71 61 66 16 39 13 59 30 15
15 49 15 54 55 58 29 48 68 10 45 69 22 44 42 78 6 21 12 26 75 40 46 56 82 37 56 34 30 47 66 46 27 8 39 23 39 33 70 80 56 20 58 63 61 57 57 16 6 32 44 5 34 79 21 28 53 26 30 59 84 72 10 1000000 27 7 9 82 22 40 40 39 81 57 30 14 15 7 43 32 73 72 7 46 72 13 73 46 34 83 74 14 62 66 66 75 78 85 77 61 77 78 64 35 79 18 74 75 11 81 9 12 59 82 57 66 31 8 46 5 60 80 31 68 79 16 78 18 40 84 57 21 41 29 8 28 60 75 33 52 12 23 55 63 55 17 54 43 12 39 34
23 53 78 27 46 33 70 12 51 56 57 8 35 14 52 25 67 74 17 74 17 66 71 51 65 7 25 72 27 61 31 68 21 59 43 69 12 64 26 29 67 14 21 54 78 18 33 57 68 43 43 72 20 14 61 59 53 29 22 49 14 7 38 34 1000000 45 15 23 33 69 57 11 41 5 14 81 59 81 13 53 72 76 75 10 83 13 19 29 13 58 83 79 78 9 56 45 80 54 5 67 73 43 52 65 12 37 5 42 41 36 27 43 33 76 17 29 34 62 58 19 5 70 21 26 17 28 54 75 75 30 61 66 30 34 13 43 22 83 12 59 40 42 72 76 39 75 84 65 55 37 75
48 53 14 80 17 65 13 21 47 51 13 57 40 56 28 44 70 43 79 12 71 44 71 24 65 29 60 10 31 42 79 40 14 78 62 25 82 40 15 46 12 26 27 59 48 47 6 14 23 51 50 59 8 51 13 78 79 49 81 48 23 63 18 84 75 1000000 62 21 62 53 66 76 44 67 32 59 45 8 67 57 23 82 42 45 32 19 30 21 80 57 10 85 67 48 39 47 85 66 18 5 8 52 40 58 79 34 54 33 78 13 80 17 39 80 7 55 42 52 56 28 51 53 82 79 20 76 59 47 38 47 17 84 27 61 35 29 17 62 26 5 84 28 50 12 44 35 25 15 73 46 66
83 15 78 79 46 8 10 46 19 18 58 66 53 78 49 40 82 78 77 9 35 39 30 75 5 85 71 68 5 69 8 5 14 27 51 63 68 75 17 56 25 75 64 28 52 64 25 13 64 8 64 54 84 15 11 64 79 15 19 78 24 61 25 77 9 20 1000000 10 60 52 48 20 52 58 68 83 18 12 29 20 27 63 6 68 58 74 22 81 85 7 22 56 19 20 69 73 34 36 81 8 19 15 10 83 46 29 51 19 45 21 45 33 80 11 72 74 67 17 79 21 80 46 66 24 69 27 67 49 22 10 26 40 49 48 36 39 79 57 41 45 84 7 65 42 24 38 29 7 67 44 65
6 17 52 36 82 76 35 54 29 54 17 27 37 17 41 26 76 22 78 63 57 54 58 34 76 15 16 59 45 44 68 58 57 49 56 65 55 36 9 19 41 46 72 11 45 43 46 67 14 83 78 21 9 83 18 55 36 5 42 34 44 17 54 58 40 13 6 1000000 33 41 76 7 14 70 80 39 24 33 31 35 41 13 15 33 64 13 7 67 21 50 59 53 47 64 22 83 82 5 30 60 32 14 40 71 19 82 43 64 54 29 53 36 18 57 11 13 45 47 44 26 21 84 8 35 85 16 42 9 34 27 60 78 58 47 20 65 81 14 53 65 82 11 18 26 65 57 38 32 58 44 26
15 17 63 7 42 25 21 54 24 34 19 54 24 29 25 67 52 77 84 18 7 54 8 57 39 37 46 70 74 76 16 31 50 13 49 9 36 69 56 16 82 13 70 14 84 44 9 54 8 78 70 55 57 17 49 32 68 27 9 13 29 75 22 76 39 79 61 34 1000000 28 55 66 20 39 39 58 13 85 76 70 53 52 83 17 17 23 42 33 61 80 29 31 68 29 84 30 30 39 60 37 74 74 35 37 78 66 84 83 22 67 36 8 47 14 85 66 56 28 64 9 9 61 33 33 84 74 34 56 5 35 65 32 70 74 70 54 50 72 67 15 9 68 36 20 30 70 64 21 43 19 79
74 76 12 47 10 40 22 80 13 70 45 53 72 64 78 83 79 41 14 18 65 50 32 7 17 70 53 71 79 29 78 47 59 63 48 39 55 66 15 60 75 37 29 29 21 24 51 67 50 63 37 43 11 61 46 50 81 36 50 7 22 32 14 49 59 26 29 15 54 1000000 78 46 38 78 49 28 54 5 77 24 17 10 65 7 34 69 33 64 48 50 60 75 49 46 80 34 13 40 44 21 5 31 48 41 63 22 25 20 70 78 69 16 24 54 57 55 10 63 79 43 53 18 27 31 76 50 56 83 21 71 41 52 83 58 72 59 38 48 77 7 57 9 41 80 63 58 35 21 19 36 55
21 38 77 72 65 29 39 44 31 33 69 51 35 10 83 43 44 81 67 73 42 75 55 58 50 20 5 21 49 17 16 32 39 60 81 67 9 57 6 52 16 63 41 29 47 64 55 68 6 37 51 20 66 46 82 42 84 30 78 33 82 13 29 48 38 6 33 65 57 60 1000000 48 71 22 68 22 14 71 79 37 30 49 46 41 15 57 73 16 69 57 34 37 25 22 35 28 17 34 41 37 9 76 17 57 41 83 83 46 18 13 55 14 73 26 7 66 83 33 28 59 59 41 81 54 60 67 15 22 41 13 19 62 61 41 63 85 80 46 75 35 37 26 65 6 60 18 26 34 7 68 65
73 52 49 69 85 79 79 63 45 40 33 10 73 83 47 16 25 61 45 22 84 73 60 63 15 21 65 23 13 59 40 64 11 74 47 69 58 10 70 41 77 40 77 6 77 22 37 23 41 62 61 81 68 43 6 68 20 21 27 19 11 36 57 9 30 53 30 14 69 32 41 1000000 73 70 82 74 31 83 56 23 15 20 83 60 79 35 44 77 6 17 63 79 68 50 83 57 12 10 29 69 20 73 10 24 51 48 29 8 31 39 23 18 24 50 20 8 6 81 15 40 39 60 78 66 45 23 52 18 83 70 32 31 75 28 21 78 42 23 23 41 83 12 29 32 27 53 38 43 76 33 9
24 22 30 53 8 79 63 16 59 19 76 10 52 58 35 20 17 76 64 21 24 75 60 63 39 76 12 81 47 56 81 47 29 50 49 74 57 65 31 63 52 81 56 55 29 23 55 33 35 30 44 6 12 59 75 64 18 48 10 41 84 31 29 33 16 40 73 7 14 12 22 44 1000000 55 17 60 34 64 10 27 71 85 43 84 79 28 37 35 8 75 52 62 8 19 12 80 47 17 69 52 68 54 54 37 39 53 30 77 6 68 22 55 39 43 72 40 83 22 54 70 13 80 12 52 65 42 33 18 62 74 26 82 73 23 25 49 48 8 68 66 29 14 27 79 33 58 24 68 8 56 25
32 82 72 14 55 12 75 79 8 26 70 66 44 42 75 75 66 20 85 79 7 8 30 82 49 12 28 72 78 62 81 14 71 46 45 69 50 48 39 82 52 61 76 31 60 9 47 51 58 17 30 21 66 75 62 43 76 50 74 27 9 34 41 48 15 63 22 59 69 16 29 13 70 1000000 27 14 39 55 31 69 72 15 46 20 6 79 25 24 6 21 24 28 42 28 32 78 82 10 81 27 46 46 57 70 80 71 27 77 45 71 42 23 55 63 20 27 38 25 52 61 44 35 10 62 54 85 6 44 29 69 16 81 36 49 34 28 38 16 48 26 79 80 15 17 14 76 13 78 32 56 36
75 51 18 15 83 70 47 74 47 81 59 80 54 34 64 10 13 14 8 61 81 49 20 41 19 14 23 29 33 73 10 67 20 30 30 63 36 78 23 32 36 29 27 31 15 35 25 64 19 73 44 63 50 23 28 26 37 38 84 42 74 43 34 23 28 7 12 62 26 68 21 20 47 52 1000000 60 29 15 39 29 25 75 68 14 64 78 64 42 9 55 50 8 40 33 30 15 35 24 54 62 20 14 81 53 43 80 75 38 80 83 74 68 60 67 78 27 34 65 12 17 81 45 26 20 60 14 66 24 55 27 11 72 34 69 28 15 84 57 27 26 47 40 50 60 34 41 27 72 77 82 59
16 36 27 30 72 45 42 7 83 57 31 41 46 81 65 28 84 36 69 7 15 85 76 83 73 59 12 40 46 9 7 66 55 56 33 57 83 52 23 58 43 51 51 14 52 25 14 51 82 71 34 53 10 18 32 23 53 25 32 19 67 35 29 55 28 5 53 69 12 82 85 8 17 65 27 1000000 77 78 64 7 28 38 65 70 39 72 32 50 83 58 70 14 16 77 71 15 59 52 71 71 34 12 13 61 54 65 70 43 83 43 27 21 9 24 25 42 10 46 77 55 59 25 9 25 60 13 84 47 73 65 77 48 71 25 23 5 67 28 35 5 45 30 68 74 78 69 41 82 29 13 31
38 31 21 74 5 38 17 66 60 81 80 46 70 83 30 7 69 38 40 18 43 55 5 71 55 15 26 36 34 24 45 71 53 34 56 59 45 50 36 41 42 52 25 8 13 55 62 33 35 48 77 20 24 51 27 51 79 34 56 36 35 68 10 59 12 48 69 12 52 17 39 5 83 6 42 62 1000000 63 31 12 52 55 75 53 17 19 59 16 34 23 76 53 32 7 84 39 14 77 22 41 39 25 9 14 53 36 13 31 54 61 7 8 53 38 32 13 78 18 78 73 37 17 64 60 46 31 73 53 47 9 60 5 59 70 69 82 84 6 11 6 34 41 85 32 7 44 19 33 59 84 36
43 76 52 68 55 79 51 6 8 14 82 39 79 41 60 71 25 62 57 56 43 84 38 7 38 51 28 47 47 64 50 62 75 60 28 67 49 42 28 29 78 77 66 27 58 7 5 65 25 36 73 35 62 65 82 55 21 57 13 71 7 73 51 37 71 69 47 25 59 47 36 15 61 8 17 85 52 1000000 10 45 56 18 79 26 16 58 75 59 19 59 53 28 55 14 59 46 79 58 23 45 33 54 69 56 30 17 29 45 5 67 53 58 55 70 67 60 21 62 46 39 25 78 75 34 27 14 53 28 65 27 31 44 54 24 25 11 25 30 19 13 42 49 64 27 70 15 61 78 31 59 56
53 21 81 71 83 53 18 28 34 67 60 54 8 37 25 57 74 66 27 19 73 69 37 61 71 59 84 43 22 42 73 56 54 8 41 71 9 80 70 37 34 12 64 74 16 80 80 77 51 10 71 78 25 33 35 60 45 38 9 36 83 71 44 13 36 81 45 28 56 45 14 38 43 46 16 73 46 8 1000000 80 73 42 64 64 17 62 65 11 7 22 57 27 19 5 35 55 57 85 73 5 49 82 72 73 77 69 53 23 66 12 84 32 85 53 79 40 28 59 66 9 64 68 16 85 8 71 79 49 25 47 47 64 52 21 56 58 23 12 57 45 12 80 69 66 75 62 23 18 24 56 19
49 80 33 6 52 8 18 69 73 51 69 50 10 74 59 39 51 81 60 17 17 25 49 82 49 58 19 60 19 76 14 43 85 26 72 54 24 57 34 41 27 20 71 43 82 70 9 56 59 19 34 25 49 15 23 35 68 47 76 61 41 62 41 62 7 6 16 67 39 78 41 60 81 16 51 35 85 33 56 1000000 41 60 49 81 48 12 62 61 28 46 36 38 46 55 85 50 37 38 65 72 66 84 48 58 18 7 7 44 34 32 84 76 23 27 17 67 71 48 57 82 52 50 52 65 63 43 52 9 58 8 10 69 46 32 75 70 21 57 55 24 55 43 24 22 29 24 81 29 56 84 73
72 6 18 40 65 57 41 35 25 23 10 52 52 44 37 13 6 45 19 9 12 32 21 33 56 15 39 84 76 23 57 9 69 32 26 66 5 23 48 47 60 47 63 46 47 70 6 75 79 71 29 35 54 26 21 55 9 11 77 56 37 64 35 11 57 57 61 12 54 32 57 58 7 67 33 21 15 14 13 50 1000000 13 10 15 76 28 44 23 65 35 31 34 46 82 51 14 37 85 77 69 68 19 20 20 55 36 44 71 28 40 65 59 31 68 77 61 53 5 23 51 76 83 40 17 33 7 37 28 84 78 44 27 30 50 41 9 15 63 69 12 6 16 74 6 33 21 80 8 50 26 5
20 78 52 20 75 21 72 75 47 34 10 8 43 67 65 12 10 59 74 51 57 27 15 30 71 32 68 27 74 19 17 61 23 7 79 24 30 37 44 33 65 79 46 41 24 14 54 6 72 67 34 12 10 55 16 78 84 68 69 48 78 64 52 45 31 10 85 7 31 47 45 34 75 64 48 47 25 24 80 24 83 1000000 47 32 53 49 59 51 52 47 5 6 10 53 79 70 54 70 75 25 35 35 42 31 20 83 6 65 64 38 55 38 57 60 59 49 16 72 10 38 38 16 83 59 84 63 49 73 74 74 42 76 60 77 36 13 65 15 44 68 26 26 45 42 47 84 44 82 29 34 80
56 24 34 19 5 13 84 15 15 27 68 38 10 82 21 58 21 15 84 43 38 84 80 66 85 30 15 77 19 53 17 39 23 74 30 57 36 31 77 18 64 79 31 83 83 31 76 14 82 55 79 58 16 51 72 13 55 8 25 21 85 15 7 53 68 58 75 45 79 24 30 16 83 54 77 65 79 47 53 20 77 83 1000000 43 51 7 25 20 7 38 77 75 46 20 77 73 35 17 64 65 67 34 5 74 36 41 48 33 47 56 20 30 26 71 76 83 57 79 13 57 63 8 22 5 28 73 19 69 63 77 45 61 37 7 33 78 57 47 42 78 37 75 64 71 36 60 60 38 53 83 47
29 18 34 64 24 10 33 35 58 76 32 58 13 6 58 56 65 26 80 78 60 85 23 83 28 27 15 18 11 69 39 75 29 12 42 10 80 39 85 7 42 28 44 85 60 77 38 5 41 34 64 26 64 9 53 75 67 19 40 47 9 65 43 76 82 8 28 19 31 63 29 21 44 70 83 57 11 27 40 68 10 67 59 1000000 72 43 8 80 37 36 51 79 70 70 76 27 71 54 27 82 61 48 51 84 76 74 85 51 51 79 51 85 46 24 84 77 13 82 5 55 8 61 77 34 69 60 54 42 55 36 79 46 64 7 77 64 43 17 6 61 73 55 78 45 39 7 56 20 71 55 50
5 82 61 47 15 69 76 5 39 77 15 76 67 8 74 76 33 34 51 61 73 11 6 11 38 53 57 56 71 31 44 7 33 25 64 50 66 31 56 48 17 31 12 84 12 62 34 17 47 26 23 67 37 75 51 6 19 35 64 60 64 84 61 10 54 20 62 81 13 46 57 22 27 26 49 60 31 17 57 43 58 31 8 35 1000000 17 8 78 50 64 81 29 46 6 38 21 23 79 41 12 31 40 11 41 77 38 14 79 15 53 57 74 68 52 80 40 18 80 25 78 44 79 6 25 75 55 72 35 59 26 58 24 84 20 78 61 50 74 75 78 43 26 6 12 82 82 56 57 46 38 85
61 50 78 19 48 54 30 30 52 5 78 52 49 69 30 81 36 49 24 73 53 16 56 67 29 55 68 57 81 40 10 27 77 57 19 77 58 78 33 27 55 51 68 81 8 26 67 74 50 14 46 33 9 83 42 10 60 38 80 51 74 13 46 16 73 71 9 69 54 16 56 62 72 32 51 8 69 55 69 62 72 70 84 78 54 1000000 30 9 35 12 42 41 71 53 64 47 57 53 19 57 63 42 65 31 5 77 40 56 73 31 59 13 45 56 66 76 6 55 62 34 6 26 73 72 84 74 82 35 72 31 67 42 70 65 36 17 29 69 75 34 52 32 69 63 74 51 44 21 16 43 76
38 41 56 19 66 64 82 59 51 77 77 70 14 56 83 38 20 38 10 40 71 17 13 33 62 21 54 30 52 64 38 49 22 67 26 41 24 7 81 40 53 73 21 9 71 54 55 76 7 29 47 49 54 54 46 39 33 67 46 43 78 45 28 83 6 5 37 26 9 20 53 78 27 26 80 67 19 85 41 29 39 22 50 31 74 21 1000000 34 78 12 33 53 12 38 79 62 66 45 52 66 65 75 18 44 84 17 37 10 19 73 12 11 78 13 64 46 66 72 48 65 42 61 78 46 7 58 55 11 22 66 84 79 31 42 74 79 37 29 66 50 49 84 67 58 28 76 75 17 74 57 65
13 78 30 37 82 57 31 20 60 78 33 63 83 74 33 79 37 7 43 57 54 49 44 5 34 38 56 32 13 50 5 22 61 46 5 71 75 15 12 39 54 61 53 74 61 24 19 6 83 82 58 48 31 76 39 51 70 46 77 61 70 28 11 63 43 33 46 31 66 46 77 66 10 48 79 67 50 37 83 43 61 78 46 73 72 18 16 1000000 76 22 84 37 78 65 39 16 14 28 30 47 27 32 75 37 53 29 71 16 38 64 9 72 46 27 23 73 63 30 36 57 7 28 25 37 19 7 75 40 53 8 6 9 28 33 30 12 37 69 67 57 7 70 19 84 50 80 36 25 84 35 14
13 62 52 10 52 25 59 85 24 30 29 66 72 44 69 68 7 68 72 54 76 42 58 30 83 42 81 15 54 43 7 11 18 7 17 23 85 7 42 27 11 84 33 70 23 63 12 51 44 64 36 70 50 54 84 46 66 14 35 77 14 63 10 29 38 17 55 49 71 56 42 78 52 18 83 76 72 78 9 85 16 33 68 5 58 82 31 34 1000000 85 40 50 10 46 20 8 50 26 70 32 46 44 9 36 71 36 83 68 19 76 64 40 85 73 46 37 77 81 36 9 63 47 58 64 26 67 75 18 35 47 85 71 47 52 80 58 48 74 73 13 72 73 43 22 51 35 68 22 40 15 23
46 16 40 73 10 6 64 14 12 49 74 9 57 74 72 39 8 65 34 15 85 73 6 29 48 52 25 72 23 53 9 62 20 77 63 81 46 12 26 41 26 72 29 36 84 56 23 30 48 82 64 10 26 52 57 19 20 79 58 52 64 75 81 46 17 50 9 63 52 42 69 22 41 20 57 18 70 16 78 27 18 30 28 85 36 80 57 43 44 1000000 5 63 12 30 63 64 8 16 22 69 52 78 58 40 25 82 69 12 45 46 43 24 42 26 74 49 25 34 67 8 62 26 37 56 8 77 70 57 14 26 55 16 19 30 58 38 23 40 68 27 56 30 42 56 69 30 8 13 64 51 31
55 60 9 16 52 73 30 69 32 52 64 33 68 14 29 52 85 51 54 61 35 71 24 70 17 54 59 44 83 50 61 69 75 34 39 51 51 31 15 50 84 21 14 37 30 18 11 58 72 49 82 58 27 71 26 39 7 36 69 65 6 56 16 76 35 33 54 64 36 26 50 24 23 47 26 54 75 49 49 45 55 25 61 54 21 63 48 85 28 81 1000000 11 9 62 38 35 20 6 81 65 68 34 35 83 21 77 29 41 76 11 54 11 75 72 63 57 35 16 49 83 45 36 82 29 75 63 15 18 12 26 76 75 45 71 66 60 64 23 13 43 84 40 61 24 75 22 82 81 48 41 75
54 69 66 45 62 74 78 62 27 62 58 80 18 57 84 22 82 7 30 31 23 36 76 63 70 52 28 34 80 57 54 46 29 70 57 81 17 29 52 37 78 74 54 5 31 11 65 48 44 49 85 24 60 39 57 75 26 28 57 83 12 64 34 44 84 43 21 31 19 56 30 14 59 40 33 43 74 83 70 53 28 7 65 69 78 59 16 62 25 73 70 1000000 23 60 57 5 73 6 41 47 45 45 16 36 38 49 37 25 26 79 34 23 42 68 57 62 24 11 52 11 47 17 31 84 8 24 43 12 36 71 81 5 20 12 25 6 67 81 27 22 42 43 29 49 69 17 84 49 10 48 82
16 7 47 42 37 66 27 28 69 38 62 18 14 64 50 42 22 43 48 15 43 50 48 54 11 26 25 77 53 10 41 12 58 47 31 60 38 31 26 64 36 45 58 11 5 34 57 65 36 48 36 47 38 77 43 53 44 24 19 76 85 59 7 55 44 69 17 13 74 80 35 25 47 82 52 79 79 81 5 60 63 19 25 63 10 34 73 35 69 25 67 52 1000000 15 40 81 28 65 18 78 77 19 74 74 73 61 23 72 52 69 72 45 77 75 54 20 21 50 65 36 57 61 71 10 83 9 27 58 26 70 77 57 26 56 13 40 34 23 31 63 28 68 33 10 31 9 39 10 75 11 51
76 29 62 71 31 19 50 41 30 35 26 17 57 50 79 63 44 42 23 12 78 6 73 83 13 59 52 63 12 58 42 55 26 29 62 9 18 21 85 75 41 68 79 49 62 43 14 33 78 77 74 53 53 47 39 55 22 57 63 55 41 36 44 30 9 26 7 50 53 75 24 32 73 56 29 6 18 17 30 20 12 57 38 81 81 22 22 21 81 34 50 65 81 1000000 75 62 50 62 52 22 41 35 52 69 6 65 32 27 83 56 17 74 9 82 14 18 41 48 76 49 73 15 57 17 84 26 75 68 39 31 52 83 20 77 60 9 19 62 81 68 85 26 58 16 39 81 42 7 26 47 74
47 39 78 67 30 82 62 77 30 68 14 14 40 36 66 49 36 16 83 46 66 22 47 73 77 29 68 22 48 32 19 32 53 63 23 65 38 6 8 31 23 36 83 46 34 29 61 42 65 69 58 35 44 35 53 15 25 13 54 48 15 6 8 22 53 41 58 30 70 62 18 16 73 25 19 50 36 77 85 44 50 29 9 54 26 41 63 25 58 85 38 15 81 78 1000000 42 21 21 26 54 10 58 44 79 17 56 45 74 72 8 41 28 9 70 6 76 49 42 77 68 66 7 15 69 42 74 84 79 11 40 67 61 26 36 6 68 11 48 61 24 20 18 27 85 58 22 11 57 57 36 26
51 28 15 12 21 81 23 81 42 34 74 28 37 29 5 5 59 18 77 73 48 31 31 12 75 7 41 20 46 78 50 16 30 46 78 69 36 37 40 45 64 6 77 74 42 52 49 76 36 11 58 77 11 21 42 84 66 6 44 74 14 19 35 68 11 11 83 53 29 45 58 67 53 20 62 23 76 76 73 18 8 74 39 85 8 67 17 50 17 21 12 31 9 27 13 1000000 76 65 79 56 63 28 46 69 78 31 77 77 31 61 61 72 31 6 5 76 85 8 35 53 7 21 9 28 42 51 34 12 66 48 64 77 84 35 70 47 45 39 51 23 80 17 7 61 11 47 20 31 21 28 82
78 17 75 19 50 41 22 77 40 37 85 9 49 53 64 45 24 27 69 69 23 59 30 36 16 74 79 78 22 65 69 39 16 28 82 8 24 44 68 35 28 78 81 52 71 11 35 74 60 74 68 8 78 6 85 18 33 11 7 51 32 11 65 11 76 36 37 22 47 43 33 61 5 6 77 79 37 62 47 53 58 46 37 9 18 7 48 66 85 61 28 36 17 13 21 37 1000000 59 6 19 69 68 40 75 80 83 44 33 20 26 21 84 5 25 18 82 16 78 76 42 71 64 56 6 22 34 77 31 66 59 84 77 59 37 35 79 72 8 56 53 23 85 48 19 36 14 31 51 60 22 27
19 15 66 11 47 14 67 16 56 76 18 33 17 50 76 71 41 58 43 38 21 10 57 46 19 46 77 47 56 30 15 27 50 25 75 82 9 45 13 58 71 74 6 55 21 75 17 67 32 51 41 6 65 53 9 8 53 82 11 35 40 72 37 64 41 19 31 57 20 63 48 26 62 40 13 45 65 72 36 76 15 40 29 16 66 8 10 43 29 19 53 42 67 20 76 41 27 1000000 45 12 17 7 68 32 82 47 57 35 7 36 35 67 66 47 71 80 28 85 46 35 66 12 84 47 77 81 11 8 47 7 68 73 74 59 69 71 42 7 14 75 15 82 59 7 72 39 8 6 33 10 47
8 85 38 68 83 57 38 84 8 67 40 60 72 68 68 56 57 69 74 32 44 65 50 50 81 27 77 49 33 12 20 78 8 49 24 51 73 75 42 54 85 63 62 67 8 85 69 20 85 58 8 79 73 52 44 47 58 12 11 43 24 40 67 48 31 81 34 78 78 10 6 75 69 76 50 74 23 75 62 58 75 76 72 32 24 56 84 59 5 34 58 7 69 33 36 47 67 20 1000000 75 81 70 25 73 38 85 66 67 46 42 60 49 21 77 64 46 47 19 68 21 23 42 81 43 56 26 30 31 58 47 24 83 9 6 75 81 8 5 54 74 60 35 62 72 16 8 58 26 61 52 70
69 41 63 37 59 84 6 16 45 65 24 57 67 20 20 31 20 7 70 19 24 18 9 35 19 19 16 22 16 29 74 44 84 77 68 78 27 83 80 39 28 30 7 47 77 30 64 50 13 65 63 51 9 72 29 14 32 66 25 19 62 70 8 6 19 31 16 55 8 23 52 42 36 9 20 46 34 31 38 79 55 84 49 73 33 33 20 81 80 83 76 24 42 84 81 62 50 52 62 1000000 34 51 48 53 82 6 24 53 64 51 65 41 16 74 18 85 50 27 73 82 12 50 58 49 22 36 7 80 73 66 21 83 60 35 71 77 39 24 11 83 74 65 65 11 77 56 23 73 59 20 11
6 14 30 21 78 69 47 40 62 23 42 47 48 32 40 49 16 9 55 69 74 65 63 78 30 81 14 66 20 38 64 81 36 83 59 76 51 56 78 75 40 10 20 47 21 71 27 12 14 35 34 74 74 74 65 67 70 17 50 17 47 30 62 16 16 20 66 23 65 42 16 62 21 82 70 38 70 21 80 29 14 10 85 9 44 40 66 35 63 71 84 30 51 53 32 59 70 81 22 14 1000000 79 34 59 43 31 42 23 25 40 50 18 23 52 75 58 19 31 51 53 28 28 56 37 84 24 10 51 8 38 65 46 81 26 83 32 13 12 29 8 68 81 50 55 66 13 16 18 35 17 35
57 32 29 64 29 6 34 28 6 53 25 11 76 50 60 13 51 59 6 57 57 49 46 47 59 52 50 60 48 20 69 76 74 20 83 74 58 15 35 20 44 14 37 40 29 63 79 22 40 6 77 66 44 75 17 18 43 16 29 38 36 46 80 42 31 77 18 72 74 62 65 51 21 58 18 54 57 18 12 35 61 46 74 41 56 66 8 7 77 9 35 52 47 36 24 64 65 5 76 40 11 1000000 8 43 75 22 15 60 76 58 47 56 30 36 38 15 40 60 25 21 27 80 26 37 39 46 56 44 28 18 48 64 29 21 64 65 73 36 41 13 12 45 45 84 34 8 28 65 46 74 62
36 49 16 42 18 84 42 18 24 72 82 79 6 67 25 67 62 36 26 81 35 84 27 56 7 77 22 36 63 54 52 82 68 13 70 78 69 47 18 31 64 19 7 63 5 23 68 31 14 21 59 84 80 70 7 27 57 50 52 82 82 48 12 36 39 24 44 25 42 42 61 70 8 8 48 57 80 12 84 29 48 33 46 70 75 39 14 78 16 23 46 71 26 49 78 22 7 39 83 47 46 22 1000000 15 45 18 44 10 16 72 67 8 51 77 79 17 40 56 51 80 77 25 18 24 42 39 7 51 47 67 76 48 70 27 33 63 29 52 82 8 14 19 13 53 76 34 85 68 16 56 67
34 5 82 55 27 72 78 52 47 29 43 9 82 15 45 66 10 26 37 13 54 65 24 79 39 54 23 73 11 28 40 21 56 6 35 61 79 15 12 78 31 80 26 84 73 74 52 26 29 8 65 76 84 64 73 52 80 49 65 13 60 68 62 82 64 56 84 22 55 60 9 54 39 9 42 31 12 81 44 43 52 84 48 29 36 23 39 77 79 58 13 13 56 28 61 38 9 75 45 6 64 12 6 1000000 49 52 11 37 21 38 17 39 38 46 53 61 23 47 34 23 80 71 43 11 30 39 57 38 9 47 33 63 16 85 62 20 75 47 78 31 23 13 48 10 40 80 9 13 5 85 30
30 18 21 15 83 12 78 77 65 6 73 18 58 64 61 15 56 34 61 10 85 69 64 46 43 61 69 11 79 51 84 65 66 34 83 85 32 15 43 39 10 48 16 47 67 71 25 25 34 73 10 55 28 38 50 69 29 33 72 73 15 30 78 31 83 23 21 24 21 69 31 54 72 59 72 43 36 12 67 22 49 17 58 18 74 82 14 78 85 82 46 36 71 34 17 9 9 44 57 49 17 7 7 20 1000000 11 38 49 71 82 52 37 18 14 33 43 38 77 72 11 55 85 72 22 18 44 11 20 34 77 22 12 61 13 48 20 49 45 12 58 14 40 76 54 38 60 17 72 76 52 49
46 51 54 75 32 23 60 63 67 64 68 69 47 82 12 28 21 23 71 12 75 61 51 80 58 32 35 44 45 43 23 67 69 41 46 27 17 38 19 9 22 37 77 76 23 12 8 28 9 18 10 61 52 10 6 40 39 54 11 25 77 53 40 15 77 38 14 64 26 35 66 38 67 64 19 56 28 46 77 54 30 50 52 10 65 29 71 39 12 17 12 38 15 41 72 58 55 18 75 72 5 7 84 67 8 1000000 55 74 25 84 32 10 15 84 65 34 55 51 40 42 69 9 64 27 52 16 29 82 69 25 51 20 68 67 17 69 13 49 38 20 25 26 43 35 69 84 10 56 73 20 52
23 27 49 80 71 50 58 52 5 26 64 29 10 44 27 26 23 6 33 31 75 13 15 63 65 72 18 78 15 77 53 59 78 28 23 29 79 54 75 31 6 83 78 63 63 53 50 84 54 16 29 73 12 45 15 17 46 50 37 27 13 51 9 83 78 59 35 59 27 49 37 75 78 78 83 78 27 70 25 36 8 33 34 75 30 61 22 49 55 57 7 79 19 73 14 70 37 40 8 24 64 42 62 6 17 22 1000000 13 77 31 15 9 12 18 10 34 10 63 14 61 37 18 40 25 22 52 54 9 5 51 32 76 67 72 64 40 30 18 24 85 16 44 43 71 60 64 77 67 29 43 54
72 81 51 73 70 20 34 63 59 58 69 82 42 39 71 40 34 5 44 29 45 48 68 37 29 78 33 27 58 76 44 10 16 72 7 33 51 58 30 14 53 27 79 21 69 30 40 71 58 67 60 30 15 11 76 45 80 46 6 65 55 84 41 82 36 65 82 82 25 33 82 83 51 76 28 16 46 75 73 48 54 58 80 63 51 8 16 13 62 40 30 72 66 83 75 67 69 42 71 31 60 14 81 84 32 63 9 1000000 33 20 51 46 40 79 56 46 30 64 24 16 30 74 31 64 34 36 25 73 60 15 33 28 63 16 35 85 48 85 40 72 8 22 7 28 14 82 12 35 50 63 57
67 40 28 44 65 61 68 83 29 44 76 71 77 74 25 84 31 27 40 20 60 50 79 65 60 80 78 75 18 57 40 83 27 55 12 7 38 70 47 27 44 79 63 82 49 47 76 73 58 84 56 15 27 24 36 19 76 72 44 36 13 65 68 6 42 25 7 68 73 18 24 56 43 82 34 66 52 77 56 44 70 10 10 6 51 20 28 39 5 38 9 58 58 5 13 59 72 40 30 36 44 19 14 52 56 72 11 49 1000000 34 41 53 5 64 79 45 21 17 8 53 72 21 85 42 5 52 43 81 82 63 28 20 40 82 72 23 73 66 43 8 19 76 35 60 80 85 57 78 11 54 49
13 50 76 32 75 72 50 24 56 66 32 7 64 38 65 36 43 41 27 11 25 26 77 25 48 81 34 44 10 62 79 23 85 48 78 11 74 70 24 59 76 30 63 83 57 29 52 45 83 42 80 55 75 81 35 59 45 12 22 27 17 56 65 35 6 83 58 14 83 67 44 28 15 64 49 57 50 48 18 85 8 72 72 69 62 62 10 16 6 22 80 13 53 39 41 23 40 68 67 61 53 50 77 48 50 70 25 55 14 1000000 69 65 45 66 13 13 35 85 13 50 40 26 77 30 57 14 82 53 73 6 29 46 26 12 16 55 71 10 51 15 80 81 25 15 41 82 76 61 6 72 82
18 26 5 32 43 17 46 26 49 35 10 77 56 53 17 19 53 79 72 71 18 12 72 82 72 63 15 50 34 60 83 39 70 82 10 7 22 53 84 32 61 24 85 85 78 46 41 43 10 7 14 34 80 70 17 59 12 47 18 48 40 47 64 7 76 37 80 47 69 46 48 16 84 21 24 40 45 21 58 45 18 63 53 24 72 52 69 30 68 55 31 26 47 82 75 68 78 44 16 28 35 45 33 6 35 71 19 78 70 17 1000000 6 46 65 79 7 80 23 26 68 20 79 47 73 14 40 34 70 12 9 27 13 31 67 25 25 85 17 21 76 81 18 8 80 41 83 43 32 83 30 84
20 21 45 16 83 20 57 13 25 26 70 80 75 14 36 24 28 42 74 49 85 82 80 30 8 45 60 40 42 68 63 62 54 13 15 22 75 19 35 11 72 81 19 16 58 52 18 50 66 82 53 65 31 72 9 55 62 32 43 68 69 64 52 9 54 33 7 40 70 26 84 53 59 50 41 18 42 40 33 57 51 50 64 65 36 68 27 59 42 14 63 47 24 73 19 40 24 78 40 25 48 36 62 62 37 18 42 47 8 6 80 1000000 8 65 48 11 56 6 10 11 14 16 41 48 11 45 73 11 45 35 54 24 51 71 75 73 11 39 13 50 61 72 14 81 63 35 48 36 58 56 40
20 46 80 63 52 85 62 76 81 35 84 8 60 38 63 51 56 37 35 66 6 39 45 33 28 45 24 58 45 29 13 61 68 57 66 11 39 76 76 31 5 9 44 25 43 21 72 24 75 66 70 50 32 80 69 8 21 66 5 76 5 35 9 80 60 76 13 47 54 13 45 24 22 78 9 57 79 59 85 70 32 7 24 74 62 35 40 8 81 47 50 43 71 83 79 36 47 68 27 16 74 10 44 69 77 32 63 61 75 76 21 8 1000000 72 44 27 19 58 62 60 13 20 44 22 13 30 83 42 25 10 83 37 21 62 30 36 82 14 60 72 5 47 5 73 39 45 29 68 43 56 53
62 16 11 82 38 6 79 62 35 83 63 35 52 44 68 33 82 15 12 10 48 31 11 30 58 68 11 15 6 43 23 21 51 84 85 15 18 47 78 49 14 14 74 31 36 60 23 9 41 6 61 16 59 79 69 7 57 28 34 46 10 52 18 74 18 32 48 67 47 5 23 32 43 74 76 51 69 38 19 52 6 63 75 38 14 41 20 51 63 6 14 59 26 6 47 63 66 75 37 28 78 77 9 22 52 13 49 29 70 44 28 18 46 1000000 25 79 24 68 81 80 85 24 38 63 41 81 63 58 27 58 81 55 30 16 16 73 84 27 8 54 37 35 46 65 26 6 46 47 32 7 75
57 75 76 8 7 77 72 31 32 12 72 53 65 41 11 19 68 78 10 26 20 72 72 63 44 10 53 49 49 53 40 53 64 36 65 36 81 41 73 57 53 26 20 16 6 11 69 31 84 73 43 19 80 35 79 27 55 13 42 32 20 18 57 70 8 28 66 40 82 47 47 55 81 80 46 23 80 69 48 28 11 50 80 65 41 17 24 55 33 45 71 21 5 25 70 48 11 39 74 54 56 77 74 43 65 25 63 46 65 33 32 77 27 19 1000000 69 5 51 34 39 75 83 28 40 9 54 26 24 57 51 65 14 60 29 28 41 82 54 65 79 73 62 27 48 53 64 52 5 77 76 73
61 48 76 49 40 16 16 22 82 50 18 40 48 22 55 28 10 63 40 35 53 83 29 71 25 74 43 25 63 36 16 50 29 73 29 66 53 11 8 13 35 9 28 63 75 72 72 55 6 15 28 33 24 39 45 21 13 80 26 17 6 34 40 36 39 58 26 40 41 38 37 32 9 80 69 68 17 8 80 49 69 20 62 9 81 74 81 52 34 44 25 68 23 6 29 34 32 58 22 49 76 8 17 29 83 79 10 45 75 53 42 5 84 60 64 1000000 13 20 78 19 7 78 10 62 36 40 67 35 13 28 19 60 65 54 65 19 79 58 42 38 12 29 34 41 78 79 79 45 61 39 62
20 58 42 15 39 11 70 35 52 83 6 53 61 31 51 38 37 7 14 51 12 68 53 7 13 17 48 72 5 11 56 50 40 85 33 6 65 48 5 52 78 12 13 58 17 85 71 28 77 81 25 61 61 29 71 14 66 79 49 38 59 73 79 66 46 74 66 46 68 75 9 51 72 52 61 20 73 24 83 55 69 18 34 72 56 71 38 77 64 84 45 18 32 67 18 71 38 31 42 26 19 77 12 10 47 14 71 77 35 20 48 53 35 77 56 11 1000000 5 5 49 5 53 74 9 60 26 36 8 31 19 20 10 45 48 80 44 16 54 27 7 36 57 48 45 41 31 84 32 53 20 78
83 79 75 43 65 13 66 46 36 77 52 33 8 35 16 8 27 46 83 74 23 69 27 68 25 52 72 36 50 24 83 16 51 78 77 47 22 71 37 31 48 54 29 16 58 50 6 28 82 58 28 12 31 85 9 36 61 27 12 79 72 50 52 10 74 79 21 69 39 6 66 46 35 50 8 69 66 5 50 41 31 25 7 81 28 43 38 25 28 58 81 64 16 56 77 27 48 62 76 34 45 54 72 36 12 54 41 52 64 19 72 43 76 42 64 76 47 1000000 74 44 38 49 32 45 8 67 64 49 69 31 25 46 73 68 69 79 68 47 29 7 11 33 64 54 56 19 18 28 47 37 17
26 14 80 6 53 59 75 30 20 10 51 74 5 13 6 31 19 84 18 84 63 58 31 31 61 74 45 11 76 27 40 10 9 7 64 78 48 68 71 42 11 77 81 39 62 51 32 63 67 9 15 69 28 5 15 14 79 77 69 32 76 27 46 7 81 18 35 15 47 56 21 72 50 60 61 41 51 6 8 9 10 14 75 35 18 26 25 21 74 65 54 54 23 31 43 15 15 69 20 28 17 76 59 76 40 49 12 71 70 64 34 73 72 72 61 48 24 33 1000000 6 81 6 85 57 68 25 64 46 31 77 25 14 85 15 62 47 51 54 35 36 49 60 12 83 53 5 83 16 79 25 57
59 27 62 32 25 79 17 24 60 77 40 20 18 68 66 85 70 18 8 59 24 28 36 55 62 80 33 21 81 80 55 42 46 21 63 83 35 72 28 76 30 13 74 26 11 54 67 44 33 21 40 56 16 76 85 38 53 66 18 15 8 15 77 50 76 48 11 60 81 76 29 70 30 5 8 83 36 11 59 85 83 53 78 33 30 8 22 20 52 36 56 42 72 13 7 8 19 7 56 74 73 72 6 80 42 77 41 84 36 23 71 45 31 7 22 33 33 47 43 1000000 42 84 81 20 75 54 5 18 49 78 31 53 84 25 29 39 40 26 40 40 34 47 83 69 44 80 14 62 8 33 64
24 25 52 76 64 28 10 57 67 83 83 42 73 27 40 28 45 72 49 68 18 32 44 84 44 29 62 69 9 9 49 39 54 56 29 20 8 81 25 17 69 13 67 73 67 16 15 40 21 43 73 20 12 39 14 25 35 66 36 22 84 49 8 47 62 34 67 35 70 68 26 70 31 6 6 8 75 36 12 36 63 41 63 29 82 31 52 44 54 62 6 6 70 34 56 5 79 81 77 26 74 11 26 44 22 80 14 58 80 75 59 71 53 25 14 68 33 24 11 81 1000000 52 65 16 53 11 55 10 63 76 14 59 10 7 37 19 54 60 55 81 58 9 18 26 60 16 13 84 63 10 55
77 52 83 11 55 37 29 23 34 39 70 10 77 5 6 11 45 7 8 60 54 61 60 55 79 46 40 25 42 40 71 32 42 75 30 68 39 19 19 34 33 85 9 18 45 12 55 42 44 62 41 35 8 78 29 26 73 5 77 59 26 67 71 46 53 53 7 70 10 40 58 5 32 24 10 50 42 77 69 39 34 30 27 56 44 49 9 69 70 23 6 78 63 26 21 21 55 71 58 82 78 85 58 27 85 21 46 58 13 31 25 20 12 26 58 58 73 45 56 67 66 1000000 33 18 6 46 61 25 55 54 29 64 47 53 81 32 78 72 11 54 54 78 59 46 75 18 53 69 6 5 55
23 16 14 60 9 75 32 73 21 30 50 63 63 54 67 47 39 84 47 12 85 36 16 27 53 54 65 28 9 18 25 39 69 52 8 22 32 41 12 38 50 49 41 25 17 62 78 19 32 28 40 17 65 52 53 71 81 10 37 22 18 18 49 41 65 54 37 54 33 53 84 30 8 35 17 18 52 78 33 30 76 30 48 23 37 14 75 32 10 57 58 9 9 56 28 18 56 36 46 55 68 41 75 81 71 65 85 29 59 42 34 8 40 12 35 9 74 5 49 5 7 17 1000000 81 62 24 39 27 31 60 69 76 13 41 39 84 40 80 29 5 79 81 70 14 55 55 73 85 67 22 79
12 8 11 59 28 56 84 61 40 72 5 54 28 6 71 22 62 42 71 40 45 20 66 74 63 66 39 38 49 38 12 50 50 68 44 70 40 35 66 23 14 37 70 81 20 28 66 9 32 60 40 40 82 48 54 16 14 49 68 65 43 63 40 74 30 70 69 28 32 47 12 32 85 12 17 75 7 64 38 66 61 79 60 28 36 35 41 40 20 63 22 42 43 55 16 23 55 62 16 63 27 70 68 15 80 11 77 50 45 67 72 51 73 73 38 70 21 45 76 65 85 34 77 1000000 69 85 37 26 33 38 63 66 66 74 15 46 74 31 5 30 75 19 7 76 40 79 75 65 13 79 11
83 24 65 85 79 27 57 47 79 19 48 39 52 5 43 66 56 37 60 82 15 38 84 52 11 42 15 29 73 6 33 34 34 50 44 57 10 56 12 45 76 57 81 22 80 11 22 48 50 7 17 70 69 17 69 18 30 23 20 80 35 23 72 53 58 35 22 81 47 41 39 79 67 75 18 20 50 49 25 25 59 26 32 47 62 14 79 48 45 55 44 22 85 37 53 7 15 74 8 71 67 20 62 7 83 66 78 52 13 22 38 56 21 69 41 57 13 28 25 45 27 47 66 63 1000000 40 70 15 16 25 20 18 10 56 18 18 20 69 44 31 82 52 51 47 46 29 35 43 40 77 73
52 78 85 11 69 66 70 28 47 51 75 42 45 56 17 5 85 47 74 76 25 55 67 17 19 37 41 73 80 41 71 70 48 7 29 29 25 36 11 47 15 38 65 47 76 36 28 46 27 26 78 36 31 15 35 24 60 22 12 64 71 33 82 28 75 53 21 32 76 64 73 32 73 63 46 31 22 26 76 36 14 39 46 62 50 37 17 12 20 35 16 13 40 81 81 65 52 48 36 15 56 52 27 84 33 63 31 85 6 26 74 30 79 8 79 29 69 43 27 42 23 70 61 30 75 1000000 84 33 51 10 49 71 74 38 27 58 32 47 41 15 13 41 82 79 18 83 47 5 8 64 11
65 11 41 75 38 21 46 31 12 60 58 13 31 37 75 43 34 15 78 74 24 74 25 64 33 77 11 58 20 85 6 11 29 49 25 47 69 84 32 59 33 25 30 44 65 82 9 66 11 29 84 56 58 16 16 74 37 10 7 59 26 12 69 82 65 48 68 46 21 65 60 6 16 22 75 47 24 84 32 66 14 51 5 61 54 82 61 64 30 54 79 34 27 10 48 19 25 40 10 16 25 85 8 66 30 82 76 43 56 66 44 74 34 56 16 48 10 57 65 72 8 72 69 46 20 27 1000000 34 68 51 81 82 81 57 17 5 28 25 73 55 32 71 80 26 76 64 15 66 67 44 33
5 68 37 17 21 85 22 27 14 66 64 41 44 6 85 83 77 53 30 9 17 75 22 53 35 33 80 14 13 15 48 18 65 73 54 39 25 15 63 55 39 70 7 5 32 29 75 47 9 45 65 31 19 26 30 65 29 37 19 15 14 11 27 69 30 54 30 78 19 20 16 73 43 55 23 17 34 50 74 49 53 73 54 7 13 28 54 11 27 61 67 17 46 24 20 51 30 41 43 19 33 16 43 83 70 7 67 49 35 84 5 25 58 31 81 85 49 28 49 64 79 61 12 36 49 13 28 1000000 15 58 7 46 35 46 36 7 64 69 39 66 76 42 45 9 82 10 75 29 39 39 45
48 84 13 30 5 47 30 78 11 50 5 60 46 67 31 15 28 14 76 39 22 74 31 58 25 15 68 39 65 21 60 57 9 16 64 9 35 23 70 66 61 35 56 71 78 29 69 55 33 44 69 47 25 6 53 26 34 39 73 15 42 78 76 15 39 8 66 63 37 77 82 54 59 27 12 34 79 59 31 42 11 10 48 51 21 82 38 26 30 39 38 63 47 57 57 40 27 74 52 12 81 14 19 50 30 68 73 63 13 13 82 79 30 48 15 75 22 40 15 63 52 6 9 32 67 24 69 32 1000000 18 62 63 28 15 33 61 82 42 78 48 83 83 64 14 85 77 58 19 29 17 18
83 72 7 49 58 78 26 12 62 8 62 83 49 57 46 15 56 40 42 65 78 47 78 68 70 49 29 60 50 40 15 45 31 23 62 69 72 16 79 39 31 78 16 45 12 61 44 30 33 69 75 50 37 64 29 66 18 60 73 45 42 27 70 22 39 38 28 15 74 38 13 57 81 52 35 16 34 12 15 84 10 49 63 48 29 79 18 52 59 7 64 26 64 81 62 59 49 59 21 26 51 59 10 36 9 29 6 21 22 31 18 83 29 75 66 31 35 83 85 84 13 33 17 26 20 62 9 85 14 1000000 52 28 37 39 81 59 75 18 55 17 51 19 46 51 64 60 41 27 37 83 10
64 69 10 33 16 17 67 82 48 66 66 55 71 21 34 63 53 81 41 77 52 25 24 53 34 11 27 80 40 34 59 53 23 9 47 26 58 76 29 49 51 37 28 37 18 12 80 27 84 20 27 52 46 49 14 61 5 24 82 77 65 48 76 35 60 25 67 58 50 56 47 28 71 20 43 50 29 20 29 20 31 7 7 74 37 74 60 20 67 14 17 57 5 52 64 63 25 20 41 29 59 61 75 14 9 76 60 82 62 43 74 34 78 41 77 13 54 24 44 7 17 68 14 69 38 38 8 43 72 25 1000000 40 48 28 6 11 25 50 30 7 54 46 83 38 58 37 6 7 42 26 67
42 80 82 25 49 43 66 6 82 16 43 19 85 39 47 30 11 19 64 52 55 71 78 40 22 66 23 70 17 27 71 26 75 80 7 49 33 38 85 59 51 70 74 26 30 25 37 78 77 34 17 30 85 51 65 71 17 32 26 37 83 47 37 58 83 24 51 47 52 15 71 59 9 19 82 55 65 75 10 12 55 84 70 40 34 32 55 34 6 75 49 25 72 52 29 77 6 31 83 6 15 73 13 58 16 62 19 48 67 78 58 80 63 46 78 63 55 77 27 73 30 72 36 26 18 84 17 69 73 8 66 1000000 75 6 58 40 62 73 33 71 43 67 29 23 57 48 50 10 73 54 34
40 62 26 59 42 26 36 77 42 72 29 63 64 8 15 5 16 27 67 45 6 78 31 50 20 10 63 30 11 23 20 25 77 16 21 19 42 78 85 45 20 22 39 78 34 38 39 79 42 29 7 24 43 19 27 69 73 50 41 77 47 56 64 29 74 19 5 32 82 28 83 83 77 47 34 76 20 22 48 32 63 83 80 65 67 29 65 45 17 13 76 19 53 24 61 19 17 36 62 54 31 83 58 12 36 27 24 49 25 19 83 52 17 46 21 45 80 42 70 35 61 41 57 6 68 6 51 65 74 22 54 55 1000000 60 12 20 46 13 42 6 55 15 75 79 69 10 56 74 28 23 36
54 41 71 43 57 39 57 66 23 75 50 69 52 40 45 73 70 60 50 36 30 8 15 55 12 78 74 43 85 66 62 62 17 24 38 83 52 32 33 24 71 53 9 44 18 58 67 54 17 63 44 11 39 78 16 57 74 42 49 20 8 66 35 46 61 76 52 23 61 59 20 74 71 26 46 78 22 45 59 9 35 57 9 25 54 34 33 70 7 67 50 82 56 30 61 8 67 42 67 78 25 49 36 22 65 5 72 80 26 84 58 83 45 80 26 19 39 42 80 68 69 36 24 81 44 19 65 79 45 23 51 20 57 1000000 79 69 73 9 16 47 60 25 42 48 27 77 17 51 60 72 57
24 39 7 39 8 76 57 83 85 32 27 75 40 84 45 7 7 46 58 83 12 7 33 78 61 21 74 72 9 26 51 75 32 67 34 24 15 49 10 76 15 62 42 38 83 59 81 38 42 29 26 47 37 65 62 36 65 65 35 30 57 41 33 43 48 17 42 85 63 76 26 16 61 26 65 31 62 8 28 54 82 27 75 51 50 70 69 29 79 73 57 34 84 33 42 70 6 79 7 5 20 53 45 50 19 37 11 22 79 83 52 38 25 13 55 30 37 43 67 7 70 53 68 25 30 52 19 28 9 10 29 37 18 51 1000000 16 47 26 51 17 31 11 68 76 15 21 14 34 13 26 35
51 26 50 75 33 38 75 30 21 12 82 34 16 73 84 41 75 37 28 79 17 53 58 56 50 78 12 73 82 22 48 82 45 75 38 42 70 80 43 34 74 25 22 36 60 55 20 75 25 13 48 65 10 47 17 42 55 78 60 19 42 9 31 80 68 79 61 78 35 19 72 21 65 30 74 36 28 70 64 64 7 76 18 57 8 7 11 9 49 58 40 80 80 32 51 75 78 42 60 30 43 8 34 26 27 37 66 32 36 82 24 13 81 37 6 16 23 67 81 26 23 56 8 34 70 15 78 49 56 21 45 57 71 5 10 1000000 40 12 84 7 5 27 77 40 6 79 67 74 6 42 85
72 9 8 17 58 23 32 71 48 36 16 80 76 40 34 80 17 14 74 56 41 58 52 49 6 56 16 41 58 21 41 85 56 5 42 70 67 25 49 51 26 28 42 21 46 9 65 13 53 56 15 67 69 75 27 5 72 7 58 69 25 60 48 68 14 5 63 15 31 77 44 36 11 61 28 28 46 22 45 33 24 41 29 14 71 36 12 46 74 18 85 46 71 74 38 75 8 79 59 77 40 20 64 61 62 48 47 21 56 20 42 80 21 68 15 78 59 49 8 6 44 15 80 14 20 61 38 52 44 35 46 37 20 19 48 37 1000000 57 10 85 41 40 57 85 23 37 60 71 74 51 7
50 83 54 44 37 8 35 51 47 16 55 67 32 6 58 37 70 79 69 51 29 81 36 78 75 71 15 84 17 19 19 82 42 28 54 75 5 32 22 65 69 54 78 9 33 26 72 27 9 76 78 48 51 6 24 16 78 45 25 25 13 13 80 47 64 5 70 83 42 81 72 54 28 71 47 51 53 73 70 55 62 79 61 14 77 42 66 59 12 59 27 68 72 34 8 76 85 79 20 17 76 11 35 10 51 18 34 56 63 73 65 25 29 5 16 25 15 82 31 19 53 59 13 80 53 16 37 71 64 30 54 66 39 75 29 79 10 1000000 76 59 69 72 79 64 36 56 43 84 28 42 85
84 14 83 47 78 64 57 10 66 18 77 68 36 43 79 43 81 50 71 38 77 50 36 26 58 64 50 48 75 29 56 49 66 40 25 43 65 22 77 14 19 49 68 40 7 48 61 29 59 72 44 60 16 31 63 57 9 33 78 40 44 80 40 76 75 24 18 43 12 16 50 25 29 17 44 72 71 23 53 58 70 45 62 42 69 42 34 68 39 54 8 46 76 63 44 65 13 44 19 68 11 30 18 28 79 28 10 77 69 39 78 11 21 81 14 85 63 34 50 84 56 56 21 67 83 33 15 72 59 65 56 34 52 42 26 59 34 56 1000000 49 40 57 76 53 78 80 63 5 77 29 36
71 30 49 21 32 71 61 82 80 44 9 73 83 8 30 66 24 5 34 53 63 49 63 8 14 28 10 26 10 22 38 56 18 52 15 60 34 26 46 7 10 35 40 82 47 56 78 17 41 43 10 21 83 42 36 11 14 74 52 52 22 23 70 46 65 57 44 27 51 84 22 84 69 32 72 83 74 33 40 72 23 19 35 53 41 49 74 78 58 14 11 80 7 65 57 78 39 22 39 52 46 67 31 7 38 43 27 72 81 27 63 73 51 32 59 48 56 30 43 35 81 36 40 56 58 28 19 53 57 50 51 15 83 37 84 37 23 6 25 1000000 70 48 45 25 18 81 82 61 24 64 37
60 78 42 59 31 49 8 31 18 38 27 84 53 56 69 27 8 66 31 32 15 53 82 33 62 41 40 84 35 69 74 22 51 77 65 9 32 76 40 57 60 54 40 55 64 69 67 82 67 60 62 47 55 53 68 34 16 43 84 49 31 36 61 19 76 81 84 29 18 50 22 60 33 78 85 22 38 69 39 11 42 36 70 31 74 12 80 59 62 34 47 79 10 8 21 55 21 64 28 14 83 84 5 49 22 46 47 31 38 9 45 82 74 72 51 44 31 23 31 63 50 53 68 37 40 33 51 74 58 71 71 51 75 48 27 39 11 24 22 59 1000000 61 56 47 39 75 76 67 30 59 29
27 36 56 19 14 50 45 68 28 45 51 78 45 10 29 7 34 19 77 53 46 67 29 25 68 9 78 13 18 82 84 84 8 11 15 10 56 39 72 56 81 17 47 24 73 72 31 83 12 73 83 26 71 81 38 73 58 32 21 43 45 72 33 42 40 18 45 81 48 70 9 34 42 58 60 52 74 9 66 8 15 30 57 24 35 54 43 36 66 46 49 38 43 43 79 28 56 36 42 32 22 57 49 11 51 64 18 21 23 84 23 32 50 9 5 28 5 12 83 78 14 56 77 49 39 20 74 36 54 32 76 32 41 34 48 20 44 29 72 6 34 1000000 13 35 82 26 23 45 31 18 73
34 57 50 24 45 30 29 47 56 34 40 10 34 85 35 76 45 52 60 5 22 77 55 45 17 11 10 12 64 39 54 76 26 79 79 76 26 85 81 70 85 67 78 32 21 73 60 49 43 72 64 75 46 75 55 63 41 18 10 8 85 83 47 12 50 47 17 43 61 39 34 47 46 30 12 37 22 75 67 76 18 13 85 62 38 77 50 69 53 50 39 43 59 48 15 19 35 30 54 27 5 77 7 82 38 58 65 34 53 6 38 53 78 34 57 71 15 12 64 32 79 84 34 15 27 40 14 77 19 42 13 60 83 21 58 50 10 17 7 23 70 77 1000000 35 26 58 65 72 17 37 41
39 56 38 14 59 23 7 69 17 8 36 24 57 8 59 30 71 27 79 61 5 68 70 34 75 37 66 85 19 83 16 61 31 85 60 68 13 82 78 39 66 56 84 37 40 43 50 63 34 34 19 80 15 61 32 29 74 40 19 27 78 9 36 50 57 10 42 6 12 13 39 78 64 10 36 15 27 58 40 65 50 31 85 43 56 13 34 68 24 13 14 15 80 51 50 49 33 68 15 35 21 14 34 21 41 64 67 40 47 71 41 58 44 16 29 75 64 29 43 65 58 83 9 61 61 58 22 46 62 65 37 81 29 16 21 11 59 40 78 35 58 31 31 1000000 34 65 53 82 78 37 5
10 29 32 18 39 78 22 39 71 38 22 78 27 81 46 47 26 52 67 85 83 40 79 83 52 41 42 74 72 20 47 80 11 84 26 40 73 71 6 83 40 55 7 84 23 11 20 35 44 20 85 36 29 25 41 55 83 80 44 76 56 27 49 22 49 83 23 43 68 67 20 84 20 29 56 27 24 15 72 35 65 83 81 33 36 75 37 74 77 21 48 76 37 16 47 65 84 8 24 57 61 52 55 84 10 84 50 27 44 59 68 25 41 75 39 51 63 70 24 48 37 17 30 54 23 57 72 50 30 30 64 73 44 69 28 72 6 61 83 44 52 22 84 83 1000000 34 43 32 17 34 48
18 79 43 26 68 56 21 14 20 61 36 17 26 71 7 83 41 14 77 18 16 67 26 51 43 30 23 21 44 35 32 20 26 21 5 41 75 85 44 28 8 23 19 35 34 70 50 43 48 74 67 80 43 74 71 13 6 31 67 52 22 76 66 60 38 28 28 11 75 23 13 73 9 32 46 44 78 31 27 29 67 33 39 55 19 77 51 72 55 52 23 8 83 26 30 23 72 21 21 76 45 21 30 41 12 26 48 46 64 10 39 54 57 62 71 59 54 44 58 82 6 30 79 59 34 13 70 83 85 15 12 9 53 35 22 50 41 35 42 5 60 54 54 39 81 1000000 57 58 63 53 13
69 76 61 27 84 29 65 85 39 20 59 6 20 69 62 63 62 52 77 23 43 72 39 54 65 7 54 61 69 72 32 7 59 9 67 68 52 80 7 68 35 69 17 81 51 74 75 35 20 59 51 14 51 48 60 56 63 37 7 19 75 59 79 69 17 5 47 83 50 39 23 77 82 47 19 26 65 42 48 49 30 84 27 43 14 6 67 32 78 43 68 51 76 18 65 78 27 5 54 5 68 73 42 13 10 40 23 58 24 5 59 36 44 46 12 70 32 27 69 27 10 32 14 50 54 24 84 62 41 7 44 49 21 77 52 29 54 15 59 19 53 82 20 75 28 22 1000000 23 69 60 27
52 60 54 50 31 67 28 33 6 27 40 71 22 35 48 51 74 82 37 42 23 24 79 72 72 13 33 35 20 31 14 39 39 9 65 40 73 68 60 33 58 79 83 13 20 25 78 41 10 49 32 50 21 52 80 13 43 75 25 66 84 55 19 69 74 81 39 77 54 32 31 82 73 37 57 27 25 7 75 23 22 19 15 6 29 34 35 62 45 18 51 29 85 22 61 57 31 10 63 48 67 11 56 58 85 78 21 28 85 11 25 62 23 68 60 75 17 61 62 67 40 82 44 18 66 76 74 23 55 73 13 16 41 50 74 49 49 5 28 81 84 77 13 40 21 71 21 1000000 58 65 37
32 44 30 62 43 24 18 7 84 68 35 19 17 22 40 71 7 26 38 24 11 55 6 8 7 54 66 70 69 47 78 44 41 50 71 24 18 84 26 63 45 20 41 57 65 74 75 50 73 50 60 65 21 81 16 81 54 21 51 43 40 51 29 27 83 28 78 67 11 20 53 63 44 83 83 18 29 18 37 22 64 21 63 68 18 48 50 7 56 76 25 79 72 27 78 21 36 60 38 85 82 37 25 34 34 9 74 53 43 40 85 45 29 71 53 69 80 16 60 40 34 9 54 53 60 20 69 31 61 8 63 8 84 7 14 81 21 16 39 23 73 43 17 69 75 55 11 78 1000000 21 85
45 78 85 53 56 22 43 32 60 41 21 54 35 12 79 39 32 34 65 66 25 80 83 33 76 66 85 37 81 83 32 34 81 34 62 63 59 26 41 48 69 70 65 20 78 79 84 18 23 43 59 20 38 61 83 70 41 47 18 48 15 77 73 52 21 51 48 54 54 66 10 16 36 73 67 18 70 75 23 65 6 9 66 16 41 34 55 63 52 14 69 32 19 70 8 44 65 48 5 42 42 52 41 36 54 76 76 67 61 6 43 81 40 68 52 69 25 83 68 66 39 10 16 59 58 28 52 59 40 39 39 72 6 12 7 37 15 26 28 28 50 46 46 72 69 57 47 77 35 1000000 81
84 44 19 84 17 34 5 43 21 58 50 18 12 55 25 39 12 28 80 56 44 35 46 13 75 32 9 9 7 17 55 61 85 72 68 68 63 10 62 64 59 79 32 72 54 55 53 40 11 37 77 16 46 70 7 39 60 21 31 79 39 63 59 79 58 42 70 70 68 51 74 84 77 32 48 16 8 67 20 24 11 71 67 43 37 25 22 44 12 77 77 46 53 37 75 26 76 18 28 15 70 76 55 46 68 84 23 66 34 10 41 12 8 69 49 19 34 13 71 75 59 54 53 48 33 7 57 46 26 31 67 51 61 54 33 83 35 31 64 77 14 32 19 75 32 48 17 66 7 49 1000000
