150 45 65 220 6
2 1 4 3 2 3 5 2 5 2 4 3 4 3 4 2 5 3 3 4 1 2 4 2 5 7 2 2 6 7 5 1 3 1 2 3 5 4 2 3 3 4 4 3 5 
1 1 1 1 2 1 2 2 1 1 1 2 1 2 2 2 1 1 1 4 1 1 1 1 1 4 2 1 1 1 1 1 1 1 1 2 1 2 2 1 2 1 3 1 1 
30 30 28 28 27 27 27 26 25 25 25 24 23 22 22 22 21 21 21 21 20 19 19 18 18 18 16 15 14 14 13 13 13 13 12 11 11 11 11 9 8 8 6 5 5 
1000000 27 9 96 57 54 58 45 50 52 68 31 50 86 53 46 39 54 75 4 33 21 90 42 63 109 45 19 30 120 62 42 66 16 55 63 78 52 61 81 70 82 29 26 36 28 76 62 62 27 55 99 93 66 91 87 27 11 68 104 92 68 63 40 49 73 93 51 33 20 73 64 68 70 74 87 97 87 20 61 69 69 81 93 76 23 50 72 71 89 86 67 67 88 87 118 35 102 101 67 86 103 67 81 49 78 31 42 88 86 84 75 55 73 78 73 102 41 40 62 58 9 81 48 68 82 88 64 115 29 39 61 74 100 26 8 59 35 88 51 38 76 91 76 52 58 96 83 35 15 29
27 1000000 23 69 57 58 43 43 62 66 79 7 51 68 41 46 26 34 68 24 50 30 69 48 49 99 31 27 43 108 54 15 80 30 67 46 87 60 34 83 77 65 41 45 25 3 64 51 64 8 28 85 67 75 65 84 13 18 71 94 79 76 68 35 60 50 90 33 23 8 79 57 58 69 66 79 81 66 12 68 48 77 59 78 82 4 54 66 64 86 64 50 82 86 78 105 25 91 82 64 62 92 79 79 53 78 11 55 65 85 71 61 40 68 92 46 91 21 24 62 48 18 56 21 47 81 64 66 101 19 12 66 83 84 10 35 39 14 63 31 53 59 85 76 62 48 79 68 10 33 43
9 23 1000000 90 49 47 49 37 46 48 64 25 42 78 45 38 30 46 67 9 30 14 82 36 54 100 37 24 25 111 54 37 62 23 51 54 73 46 54 74 64 74 24 24 28 22 68 54 55 20 49 90 86 61 83 79 19 5 61 95 83 62 57 31 44 65 85 43 24 16 67 56 60 63 65 79 89 79 13 55 61 64 73 85 70 19 43 64 62 81 78 59 64 80 78 109 26 93 92 59 79 95 63 73 42 71 24 37 80 79 76 66 47 65 74 66 93 33 32 55 50 7 74 43 59 75 81 56 106 20 35 54 69 91 18 14 51 27 80 42 34 67 83 69 46 50 87 74 32 11 25
96 69 90 1000000 94 100 64 84 112 119 124 65 92 56 69 88 69 52 85 93 110 90 47 96 64 97 65 93 101 99 77 55 131 97 117 59 129 107 35 112 117 60 99 108 71 68 73 71 101 70 41 80 20 121 22 104 72 86 105 95 77 120 109 80 111 39 107 58 73 77 118 81 76 99 84 90 69 47 77 111 44 118 42 69 118 73 98 87 85 105 37 57 132 107 87 95 73 90 62 92 29 87 126 104 97 106 66 110 36 107 74 68 63 90 140 23 89 60 64 97 73 87 26 49 47 106 27 102 89 74 59 107 124 68 71 103 51 64 26 56 111 58 97 105 112 73 65 67 63 98 102
57 57 49 94 1000000 8 30 14 23 31 29 53 7 52 26 12 33 43 24 58 36 36 61 15 31 56 32 73 31 68 20 65 38 72 26 36 35 16 67 26 23 46 30 41 33 54 32 25 7 49 65 51 81 26 77 30 44 51 14 51 46 25 14 22 23 56 37 38 34 58 24 17 24 13 23 34 56 59 47 17 51 24 58 52 25 58 9 20 20 32 65 40 39 31 35 67 32 50 63 12 70 54 32 24 10 22 47 28 67 30 40 35 32 19 46 75 51 43 38 5 22 55 70 67 48 26 73 9 66 38 66 12 30 59 48 56 43 46 73 41 32 43 36 20 22 22 56 42 66 43 32
54 58 47 100 8 1000000 37 17 16 23 24 54 9 60 32 14 36 49 31 56 30 34 69 12 38 63 37 71 26 74 27 67 31 70 19 43 30 9 71 27 19 54 26 35 35 55 40 32 8 50 69 59 87 20 84 34 45 50 14 57 53 20 10 24 16 63 41 43 36 58 21 25 31 18 30 41 63 66 48 11 57 19 65 59 24 58 4 27 27 36 72 46 32 35 42 74 34 57 71 18 77 61 26 28 6 25 49 21 74 33 47 43 38 25 40 80 58 47 41 10 28 54 76 70 54 29 79 10 73 39 68 8 26 67 49 53 49 48 79 45 26 50 42 22 15 28 64 50 68 40 27
58 43 49 64 30 37 1000000 23 50 57 60 37 28 29 6 26 19 15 27 57 54 40 36 35 5 55 13 68 46 64 14 44 68 69 55 7 65 44 39 50 53 25 43 55 22 40 21 9 37 37 39 42 51 57 47 46 33 48 42 51 36 56 45 22 49 26 51 12 25 48 54 18 17 36 26 37 40 33 40 47 20 54 29 36 54 46 35 27 24 47 36 11 69 48 35 62 23 48 43 29 41 48 62 43 34 44 32 51 38 47 28 18 3 29 76 45 47 23 20 33 9 52 39 44 18 46 43 38 58 30 47 43 60 42 36 61 13 29 43 14 53 19 43 43 50 9 38 26 49 50 47
45 43 37 84 14 17 23 1000000 28 35 40 38 8 50 17 4 19 32 30 45 33 24 58 12 26 64 20 60 25 75 19 50 47 60 33 29 48 23 54 40 36 45 22 35 18 40 34 22 22 35 52 56 73 37 69 42 30 38 28 59 50 37 27 8 27 48 49 27 20 44 38 20 25 27 29 42 57 55 33 28 42 36 52 53 40 43 14 27 26 44 59 33 48 44 42 74 18 57 63 22 63 60 42 37 13 36 33 28 61 43 42 34 23 28 56 63 58 29 24 20 17 42 61 53 40 39 65 23 72 24 52 25 43 60 33 46 33 31 65 29 31 40 46 34 28 17 57 43 52 33 25
50 62 46 112 23 16 50 28 1000000 8 18 59 22 75 45 25 45 60 46 53 20 33 84 16 52 77 47 69 21 89 42 73 19 67 6 57 27 7 81 36 21 69 22 27 43 59 55 47 21 54 78 74 101 15 97 47 50 49 25 72 69 17 17 33 2 76 53 55 43 59 24 40 46 32 46 56 79 81 50 13 70 20 79 75 28 60 15 42 43 49 86 60 21 47 57 89 41 72 86 34 91 76 17 40 16 36 54 9 88 45 63 58 51 40 30 91 72 55 50 25 43 53 89 77 68 41 93 23 88 44 73 16 24 82 53 47 61 55 93 56 15 65 56 34 1 43 79 65 72 36 21
52 66 48 119 31 23 57 35 8 1000000 19 64 30 82 52 32 51 67 54 54 19 36 91 23 60 84 54 70 23 96 50 78 15 68 6 64 27 15 87 41 24 77 25 26 49 64 63 54 28 59 84 81 108 17 105 53 54 52 31 78 76 20 23 39 8 83 59 62 48 62 28 48 54 38 53 63 86 89 54 19 78 23 87 82 32 64 23 50 50 55 93 68 16 53 65 96 47 79 94 41 98 83 16 46 23 42 59 11 95 51 70 66 58 48 26 97 79 61 56 33 50 55 96 83 75 47 100 30 95 49 78 22 25 90 57 47 69 60 100 63 14 73 63 40 9 50 87 73 76 37 23
68 79 64 124 29 24 60 40 18 19 1000000 76 32 80 55 37 59 72 47 71 37 51 90 31 61 72 60 87 39 84 49 89 13 85 13 66 9 18 95 27 10 74 40 44 58 76 59 54 23 71 92 73 110 3 107 40 66 67 22 67 69 5 16 47 20 86 46 67 58 77 12 45 51 30 47 53 80 88 67 13 80 8 87 77 16 78 26 43 45 42 94 69 13 39 56 85 56 69 89 36 100 73 5 35 28 30 71 27 96 37 65 63 61 41 17 104 70 70 64 28 51 71 99 93 77 34 102 23 86 61 90 17 7 84 69 64 73 70 102 69 32 72 52 29 17 51 82 69 89 54 39
31 7 25 65 53 54 37 38 59 64 76 1000000 46 61 35 41 20 27 62 29 50 29 63 44 42 92 25 34 42 101 47 14 78 37 65 40 84 57 29 78 73 59 39 46 20 4 58 45 60 6 24 79 62 72 60 78 10 21 66 88 72 73 64 31 58 44 84 27 18 14 75 51 52 64 60 73 75 60 13 65 41 73 53 71 77 11 50 60 58 80 57 43 80 80 72 99 21 84 76 58 56 85 76 74 49 73 6 54 59 79 65 54 34 62 90 42 84 14 18 58 42 23 50 19 40 76 58 61 95 15 14 62 79 77 7 38 32 8 57 25 52 52 79 71 60 42 73 62 14 34 42
50 51 42 92 7 9 28 8 22 30 32 46 1000000 53 23 5 27 40 28 51 31 29 62 10 30 62 28 66 25 73 21 59 40 66 26 35 39 16 62 33 28 47 24 35 27 48 35 25 14 43 60 55 79 29 76 37 38 44 20 56 49 29 19 16 22 54 43 34 28 51 30 19 26 20 27 40 58 59 41 20 49 28 57 54 31 51 7 24 24 39 64 38 41 38 40 72 26 55 65 17 69 58 35 31 6 29 41 25 66 36 42 37 29 24 48 71 56 38 32 12 21 48 68 62 46 33 71 15 71 32 60 16 34 62 41 50 40 40 71 36 28 43 42 27 21 21 59 45 60 37 26
86 68 78 56 52 60 29 50 75 82 80 61 53 1000000 34 52 47 34 34 85 83 69 11 62 25 41 41 95 74 45 33 64 90 97 79 23 83 68 49 61 71 6 72 84 50 65 21 29 57 63 52 24 38 77 34 50 60 76 58 39 20 75 64 50 75 23 52 35 54 74 71 35 29 51 33 35 15 10 67 68 22 72 16 13 69 72 60 37 35 51 19 19 91 53 31 42 52 34 14 44 28 32 84 52 59 55 58 77 20 54 18 17 31 40 96 48 33 48 46 52 33 80 32 61 22 54 29 57 37 58 68 64 78 16 63 90 29 54 30 37 81 11 41 55 74 33 12 12 71 79 75
53 41 45 69 26 32 6 17 45 52 55 35 23 34 1000000 20 16 18 27 53 49 35 41 29 10 58 10 65 40 67 13 44 63 66 50 12 61 39 41 48 49 30 38 50 18 38 23 10 33 34 40 45 56 52 52 45 30 44 38 53 39 51 40 16 44 31 50 13 21 45 50 17 17 33 25 38 44 38 36 42 26 50 35 40 51 44 30 26 23 46 41 17 64 47 36 65 19 50 48 26 46 51 58 41 29 42 30 45 44 46 31 21 6 28 71 49 50 22 17 29 7 48 44 45 23 44 48 34 62 26 47 38 56 47 34 56 17 27 48 15 47 24 44 40 44 7 43 30 48 45 41
46 46 38 88 12 14 26 4 25 32 37 41 5 52 20 1000000 22 36 30 47 31 25 60 10 28 64 23 62 23 75 20 54 43 61 30 32 44 19 58 37 33 47 21 34 22 43 35 24 19 38 55 56 76 34 73 41 33 40 25 59 50 33 24 11 24 51 47 30 23 46 35 20 26 25 29 42 58 57 36 25 46 33 55 54 36 46 11 27 26 43 61 36 44 42 42 74 21 57 65 21 66 60 39 35 10 33 36 25 64 41 43 36 26 27 53 67 58 33 27 17 19 44 64 57 43 37 68 20 72 27 55 21 39 62 36 46 37 35 68 32 29 42 45 31 24 19 58 44 55 34 24
39 26 30 69 33 36 19 19 45 51 59 20 27 47 16 22 1000000 18 42 38 42 24 52 29 24 73 6 49 33 83 27 32 64 50 50 24 67 41 36 58 55 43 30 41 3 23 39 25 40 19 33 61 60 56 57 58 15 29 47 69 54 56 46 12 44 37 64 14 6 30 57 30 32 44 40 53 59 49 21 47 32 55 44 55 58 28 33 40 38 60 50 28 65 60 52 81 5 66 62 38 51 67 60 53 32 53 15 42 52 59 47 37 17 41 74 47 65 11 5 38 22 33 48 34 30 56 54 42 77 11 34 44 62 61 18 43 22 13 53 14 42 37 58 51 45 22 57 45 34 33 34
54 34 46 52 43 49 15 32 60 67 72 27 40 34 18 36 18 1000000 42 53 60 41 36 44 19 68 13 61 50 76 29 31 79 63 65 14 78 55 24 65 67 32 48 59 21 31 34 24 51 29 24 53 42 69 39 61 28 44 56 64 47 68 58 28 59 19 66 5 24 40 68 33 32 51 41 52 48 33 34 60 15 67 27 44 68 38 46 42 39 62 32 17 80 63 49 73 23 60 48 43 33 60 74 58 45 59 24 58 34 63 40 29 12 44 88 32 60 14 14 47 24 47 30 30 13 61 36 51 68 27 35 56 73 50 30 59 5 21 35 4 60 25 58 58 60 24 46 36 37 51 51
75 68 67 85 24 31 27 30 46 54 47 62 28 34 27 30 42 42 1000000 75 60 55 44 38 24 34 37 89 53 45 14 71 59 90 49 29 49 39 65 28 38 28 52 63 43 65 13 18 26 60 66 28 69 45 65 19 56 68 25 29 23 42 32 36 46 47 24 39 46 71 37 12 10 17 2 12 33 43 61 36 42 39 45 29 36 70 33 4 5 20 50 30 59 22 12 44 43 27 42 13 58 30 51 18 33 22 57 52 52 22 17 18 30 6 63 70 28 49 44 21 20 72 60 71 39 21 60 25 43 51 74 32 45 37 59 76 39 54 61 41 56 28 17 21 45 20 34 22 75 64 54
4 24 9 93 58 56 57 45 53 54 71 29 51 85 53 47 38 53 75 1000000 35 22 89 44 62 109 44 16 32 119 62 39 68 15 58 62 80 54 58 83 72 81 31 29 35 25 76 62 63 24 52 98 91 68 88 87 25 9 70 104 92 70 65 40 51 71 94 50 32 16 75 64 68 71 74 87 96 85 18 63 67 71 79 93 78 20 51 72 71 90 84 66 70 89 87 117 34 102 99 67 84 103 70 82 50 79 29 44 86 87 84 74 54 73 80 70 102 39 39 63 58 6 79 45 66 83 86 65 114 27 35 62 76 99 23 11 57 32 85 49 40 75 92 77 54 58 95 82 32 17 32
33 50 30 110 36 30 54 33 20 19 37 50 31 83 49 31 42 60 60 35 1000000 21 90 22 58 93 47 51 9 104 51 64 33 49 24 61 46 24 76 55 41 77 12 7 39 48 66 54 38 44 72 87 102 35 99 64 41 34 43 87 81 37 36 33 19 78 71 55 37 46 44 50 57 48 59 70 89 87 38 33 73 40 83 85 48 48 27 56 55 67 90 65 35 65 72 103 37 86 95 48 93 90 35 58 27 54 46 11 92 63 74 67 54 55 45 88 87 50 46 40 50 37 90 69 70 59 95 40 102 37 62 34 43 93 42 28 62 48 95 56 5 72 72 52 21 50 89 75 60 19 8
21 30 14 90 36 34 40 24 33 36 51 29 29 69 35 25 24 41 55 22 21 1000000 75 22 45 88 30 38 13 99 42 43 51 37 38 46 60 33 55 60 51 65 11 18 21 27 57 43 41 23 51 79 83 48 80 65 19 17 47 83 73 49 43 20 31 60 72 37 18 26 53 43 48 49 53 67 79 72 17 42 56 50 67 75 56 28 29 51 50 68 73 51 52 67 66 98 19 81 83 46 75 83 50 60 28 57 25 26 75 65 65 56 39 52 63 67 81 30 27 41 39 20 71 48 54 61 77 43 95 16 42 40 56 82 21 22 45 27 77 37 24 59 70 55 34 39 78 65 40 10 14
90 69 82 47 61 69 36 58 84 91 90 63 62 11 41 60 52 36 44 89 90 75 1000000 70 32 49 46 97 81 52 42 63 100 99 88 29 93 77 45 72 81 16 79 90 55 67 32 37 67 65 49 33 28 87 25 61 64 80 69 49 30 85 74 57 83 20 62 39 58 76 81 45 38 61 44 46 22 3 71 78 22 82 11 22 80 73 68 47 45 61 10 25 100 64 42 48 57 43 16 54 19 40 93 62 68 66 60 86 11 64 29 27 37 50 106 42 42 50 50 62 41 83 25 59 23 65 20 66 42 62 67 73 88 22 66 95 31 57 21 40 88 18 52 65 83 41 19 23 71 85 82
42 48 36 96 15 12 35 12 16 23 31 44 10 62 29 10 29 44 38 44 22 22 70 1000000 38 71 31 60 16 83 30 58 35 59 22 42 40 13 65 39 30 56 14 26 27 45 44 33 19 40 62 65 85 28 82 45 35 38 26 66 59 29 21 17 15 60 52 39 27 46 32 29 35 28 37 49 68 67 37 21 55 29 64 64 35 47 8 34 33 47 71 46 37 46 50 82 25 65 74 27 75 68 32 39 6 36 39 16 73 44 52 46 35 33 46 75 65 39 34 20 29 42 73 62 52 40 77 21 80 29 58 19 35 71 38 41 46 39 77 40 19 51 51 34 16 29 68 54 57 29 17
63 49 54 64 31 38 5 26 52 60 61 42 30 25 10 28 24 19 24 62 58 45 32 38 1000000 50 18 73 50 59 12 49 69 75 57 6 65 46 42 49 53 20 47 59 27 46 16 7 38 42 42 37 50 58 46 43 39 53 41 46 30 56 45 26 52 25 47 16 30 53 54 17 13 35 22 33 34 29 45 48 20 54 27 31 54 51 37 24 21 44 34 8 70 45 31 57 28 43 38 27 39 43 64 41 37 42 38 54 36 45 23 12 8 27 77 47 42 28 25 33 10 57 39 49 17 43 41 38 53 35 52 44 60 37 42 66 16 34 42 18 56 14 39 41 52 10 33 20 54 55 51
109 99 100 97 56 63 55 64 77 84 72 92 62 41 58 64 73 68 34 109 93 88 49 71 50 1000000 68 122 87 12 47 99 85 123 78 54 71 70 88 46 63 39 85 97 75 96 35 48 56 92 90 17 77 71 74 32 88 101 53 5 21 68 61 69 77 63 28 66 78 103 61 45 41 45 35 22 28 50 94 65 61 64 57 28 57 101 65 37 39 31 59 52 85 34 22 13 76 8 36 45 68 10 77 38 66 43 88 84 60 35 28 38 58 38 86 88 8 79 75 52 51 105 73 98 59 39 70 54 15 83 102 62 68 29 91 110 64 84 70 69 89 44 21 44 76 51 31 33 104 98 88
45 31 37 65 32 37 13 20 47 54 60 25 28 41 10 23 6 13 37 44 47 30 46 31 18 68 1000000 55 38 77 23 34 66 57 52 17 67 43 35 56 55 37 35 46 9 28 33 20 40 24 32 55 55 57 52 54 21 36 45 63 48 56 46 14 46 31 60 8 13 35 57 26 27 42 36 48 52 42 27 48 26 55 38 48 58 34 34 36 33 56 44 22 67 57 47 75 11 60 55 35 46 61 62 51 33 51 20 45 46 56 41 30 10 38 76 44 60 12 7 36 17 39 43 36 24 53 48 41 71 17 37 44 62 55 24 49 16 17 48 9 47 30 54 49 47 17 51 38 38 39 38
19 27 24 93 73 71 68 60 69 70 87 34 66 95 65 62 49 61 89 16 51 38 97 60 73 122 55 1000000 48 132 75 39 84 5 74 72 96 70 59 98 88 92 47 44 47 30 88 74 79 32 54 110 94 84 92 102 35 22 85 117 104 86 81 54 67 78 109 59 44 20 91 78 81 86 88 101 107 93 28 79 75 87 87 103 94 23 67 87 85 104 91 76 86 104 100 130 46 114 109 82 89 116 86 97 66 95 36 60 93 102 96 86 65 88 96 71 114 47 49 78 71 18 83 45 74 99 91 80 126 39 34 78 92 110 32 24 66 40 90 58 56 85 106 93 70 71 106 94 30 33 48
30 43 25 101 31 26 46 25 21 23 39 42 25 74 40 23 33 50 53 32 9 13 81 16 50 87 38 48 1000000 98 44 56 38 46 26 52 48 23 67 53 41 69 3 10 30 41 58 46 34 36 63 80 93 36 89 60 32 28 40 82 74 38 34 24 20 69 67 46 28 39 44 43 49 44 52 65 82 78 31 32 64 40 74 78 47 41 23 49 49 63 81 57 39 61 65 97 28 80 87 42 84 83 38 54 22 51 38 13 83 60 66 59 45 49 50 78 81 41 37 36 41 32 80 61 61 55 86 36 96 28 55 32 44 85 34 27 53 39 86 46 11 64 67 49 22 41 81 67 53 15 1
120 108 111 99 68 74 64 75 89 96 84 101 73 45 67 75 83 76 45 119 104 99 52 83 59 12 77 132 98 1000000 57 107 97 133 90 62 82 82 94 58 75 45 97 108 85 105 44 58 68 101 96 23 79 83 77 44 97 111 64 17 29 80 73 80 89 69 39 75 88 112 72 56 51 57 46 34 31 54 104 77 67 76 61 33 69 111 77 49 50 42 62 59 97 45 33 4 86 18 37 56 71 16 89 50 78 55 97 96 63 47 36 47 67 49 97 93 18 87 84 64 62 115 77 105 66 50 72 66 10 93 111 73 79 31 101 121 71 94 73 77 100 51 33 56 88 62 34 40 113 109 99
62 54 54 77 20 27 14 19 42 50 49 47 21 33 13 20 27 29 14 62 51 42 42 30 12 47 23 75 44 57 1000000 57 58 76 46 18 53 35 53 36 41 27 41 54 29 50 15 6 25 46 52 37 62 46 58 32 42 54 29 42 30 44 33 23 42 38 37 25 32 57 41 4 6 22 13 26 38 39 47 36 32 42 39 34 41 55 27 13 11 34 45 21 59 35 25 55 29 39 44 15 51 41 52 29 27 30 42 45 47 34 23 16 17 16 65 59 39 35 30 21 6 58 51 58 30 32 54 26 53 37 59 32 48 42 45 64 27 40 54 28 49 23 31 29 41 6 38 24 60 52 45
42 15 37 55 65 67 44 50 73 78 89 14 59 64 44 54 32 31 71 39 64 43 63 58 49 99 34 39 56 107 57 1000000 92 43 79 45 97 71 21 90 86 62 53 59 32 16 65 53 72 20 16 84 56 86 54 88 24 33 78 95 78 86 77 43 72 43 94 33 31 22 88 60 61 76 69 81 78 60 26 78 42 86 52 75 90 19 64 70 67 90 55 47 94 91 79 104 33 91 77 69 52 91 90 85 62 85 19 68 57 90 71 60 41 72 103 33 90 22 28 69 51 33 45 6 42 87 53 73 99 29 5 75 93 80 21 49 35 19 52 30 66 56 87 83 74 51 76 66 9 47 56
66 80 62 131 38 31 68 47 19 15 13 78 40 90 63 43 64 79 59 68 33 51 100 35 69 85 66 84 38 97 58 92 1000000 82 14 74 18 24 100 39 22 84 40 40 62 78 70 63 34 73 97 85 119 14 115 53 69 66 34 80 81 17 26 52 21 94 58 74 62 77 25 55 62 42 58 66 92 98 68 22 88 21 96 88 29 79 33 55 56 55 103 78 2 52 68 97 61 81 100 47 108 86 8 47 34 42 73 25 105 50 76 73 69 52 12 110 82 74 69 38 60 69 107 96 86 46 111 34 98 63 92 27 19 95 71 61 80 74 111 75 28 81 64 41 19 60 93 80 90 52 38
16 30 23 97 72 70 69 60 67 68 85 37 66 97 66 61 50 63 90 15 49 37 99 59 75 123 57 5 46 133 76 43 82 1000000 71 74 94 69 63 97 86 93 45 42 48 32 89 75 78 34 58 111 98 82 96 102 36 22 84 118 105 84 79 54 65 80 109 61 45 23 89 78 82 86 88 102 109 96 30 78 77 86 89 105 93 26 66 87 85 104 94 78 83 104 101 131 47 115 111 82 92 117 83 96 65 94 39 58 96 102 97 87 67 88 94 75 115 49 50 78 71 18 86 49 76 98 94 80 128 40 38 77 90 112 34 21 68 42 93 60 54 87 106 92 68 71 107 95 34 31 46
55 67 51 117 26 19 55 33 6 6 13 65 26 79 50 30 50 65 49 58 24 38 88 22 57 78 52 74 26 90 46 79 14 71 1000000 61 23 11 86 35 18 73 27 31 48 65 58 51 23 60 83 76 105 11 102 47 55 54 25 73 71 14 17 38 7 81 53 60 48 65 22 43 50 33 48 57 81 85 55 13 75 17 84 77 26 66 19 45 45 49 90 65 15 47 59 90 47 73 89 36 95 77 12 40 20 36 60 14 92 45 65 61 55 43 25 96 74 60 55 28 47 58 94 83 72 41 98 24 90 50 79 17 20 85 58 51 66 60 98 62 18 69 57 34 5 47 82 69 77 41 26
63 46 54 59 36 43 7 29 57 64 66 40 35 23 12 32 24 14 29 62 61 46 29 42 6 54 17 72 52 62 18 45 74 74 61 1000000 71 51 37 54 59 20 50 62 27 43 20 12 43 40 37 39 45 63 41 48 37 53 47 50 33 61 50 28 56 20 52 13 30 52 59 22 19 40 28 38 35 26 44 53 14 59 23 32 59 50 42 29 27 49 29 5 75 51 35 59 28 46 38 33 34 46 69 46 41 48 36 57 31 50 26 15 8 32 82 41 45 26 23 38 15 56 34 44 12 49 36 43 55 34 49 49 66 38 40 67 11 32 37 15 60 13 44 47 56 15 34 22 51 56 53
78 87 73 129 35 30 65 48 27 27 9 84 39 83 61 44 67 78 49 80 46 60 93 40 65 71 67 96 48 82 53 97 18 94 23 71 1000000 27 101 25 12 77 49 53 65 84 61 59 28 79 99 74 115 12 111 39 75 76 25 66 70 11 21 55 29 91 43 73 66 85 12 49 55 32 49 53 82 91 76 20 85 12 92 78 14 86 34 46 48 40 98 74 17 37 57 83 64 68 91 39 104 72 12 34 35 29 79 36 100 36 66 66 67 43 15 110 69 77 71 33 56 80 104 101 82 32 107 28 85 69 98 23 5 85 78 74 78 78 107 75 41 75 51 29 26 56 83 71 97 63 48
52 60 46 107 16 9 44 23 7 15 18 57 16 68 39 19 41 55 39 54 24 33 77 13 46 70 43 70 23 82 35 71 24 69 11 51 27 1000000 77 31 18 62 23 31 39 58 48 40 14 53 74 67 95 15 92 40 48 50 19 65 62 16 11 29 7 70 47 50 40 59 21 33 40 25 39 49 72 75 49 9 65 17 73 68 24 60 9 35 36 43 80 54 25 41 50 82 38 65 79 27 85 69 20 34 10 30 52 14 82 39 56 51 45 33 33 86 65 51 46 18 36 53 83 74 62 35 87 16 81 42 71 10 23 75 51 50 56 52 87 52 19 59 49 28 6 36 72 59 70 38 23
61 34 54 35 67 71 39 54 81 87 95 29 62 49 41 58 36 24 65 58 76 55 45 65 42 88 35 59 67 94 53 21 100 63 86 37 101 77 1000000 89 90 49 65 73 38 33 56 48 74 35 6 72 35 91 33 84 36 50 79 85 66 91 81 48 80 26 89 29 39 42 91 57 55 75 64 74 64 43 42 82 27 90 35 61 92 38 68 65 63 86 37 37 101 87 71 91 40 80 61 67 32 79 96 82 67 83 31 77 38 86 60 51 36 68 110 12 79 26 31 70 48 52 25 16 29 85 33 75 85 39 26 78 96 65 36 67 26 29 32 26 78 44 81 81 81 48 61 55 30 62 68
81 83 74 112 26 27 50 40 36 41 27 78 33 61 48 37 58 65 28 83 55 60 72 39 49 46 56 98 53 58 36 90 39 97 35 54 25 31 89 1000000 18 56 53 61 58 80 40 42 20 75 88 49 96 26 93 14 70 77 13 41 46 23 19 48 37 73 19 61 60 83 15 32 36 14 28 29 58 70 73 23 68 19 72 55 11 83 31 25 28 16 78 56 39 13 33 59 58 43 67 22 86 48 31 10 32 6 73 45 80 11 44 46 53 22 40 95 44 68 62 21 41 80 87 92 65 8 88 18 60 64 92 21 22 61 73 80 64 71 88 63 50 55 26 7 35 41 60 49 92 67 54
70 77 64 117 23 19 53 36 21 24 10 73 28 71 49 33 55 67 38 72 41 51 81 30 53 63 55 88 41 75 41 86 22 86 18 59 12 18 90 18 1000000 65 41 47 54 74 50 47 16 69 88 64 103 9 99 31 64 67 13 58 60 5 9 43 22 79 36 61 55 76 3 37 43 21 38 44 71 79 66 9 73 2 80 68 7 77 23 35 36 33 86 62 22 30 47 75 53 59 80 27 92 64 14 25 24 20 68 30 88 28 56 55 55 32 25 98 60 66 60 21 44 71 92 89 70 24 95 16 76 58 87 12 7 75 68 67 66 67 95 64 35 64 42 19 19 44 73 60 87 55 41
82 65 74 60 46 54 25 45 69 77 74 59 47 6 30 47 43 32 28 81 77 65 16 56 20 39 37 92 69 45 27 62 84 93 73 20 77 62 49 56 65 1000000 66 79 46 63 15 23 51 60 52 22 42 71 39 45 57 73 52 37 18 69 58 46 69 25 47 32 50 71 65 29 23 45 28 30 16 15 64 62 22 66 19 13 63 69 54 31 29 45 23 16 85 48 26 42 48 32 19 38 32 30 77 46 54 50 55 72 25 48 13 11 27 34 90 50 31 45 43 46 28 76 35 60 21 48 34 51 37 54 67 57 72 18 60 86 27 51 34 34 75 7 37 49 68 28 14 7 69 75 70
29 41 24 99 30 26 43 22 22 25 40 39 24 72 38 21 30 48 52 31 12 11 79 14 47 85 35 47 3 97 41 53 40 45 27 50 49 23 65 53 41 66 1000000 12 27 39 56 44 33 34 61 78 90 37 87 60 30 27 40 80 72 39 34 22 21 66 66 43 26 37 44 41 47 43 50 63 79 76 29 32 61 40 72 75 47 39 22 48 47 62 78 54 41 60 64 96 25 79 85 41 81 81 39 53 21 50 35 15 80 59 64 57 42 48 51 76 79 39 34 35 39 31 78 58 59 55 83 35 94 25 53 32 45 83 32 27 51 36 83 44 13 61 66 48 23 39 79 65 51 15 4
26 45 24 108 41 35 55 35 27 26 44 46 35 84 50 34 41 59 63 29 7 18 90 26 59 97 46 44 10 108 54 59 40 42 31 62 53 31 73 61 47 79 12 1000000 38 44 68 56 43 40 69 90 101 42 98 70 37 28 49 91 84 44 42 34 25 77 76 54 35 40 51 53 59 53 62 75 92 88 34 39 72 46 83 88 54 42 32 60 59 72 90 66 42 70 75 107 36 90 97 52 92 93 42 63 31 60 42 17 92 69 77 69 54 59 52 85 91 48 45 45 51 31 88 65 70 64 94 45 106 34 58 40 50 95 38 21 62 45 94 54 12 73 77 58 28 51 91 77 55 13 9
36 25 28 71 33 35 22 18 43 49 58 20 27 50 18 22 3 21 43 35 39 21 55 27 27 75 9 47 30 85 29 32 62 48 48 27 65 39 38 58 54 46 27 38 1000000 22 41 27 40 18 35 63 63 54 60 58 13 27 46 70 57 55 45 11 42 40 65 17 4 28 56 32 34 44 41 55 61 52 19 46 35 54 47 57 58 27 32 41 39 60 53 31 63 61 54 83 2 67 64 38 54 69 59 54 30 53 15 39 55 59 49 39 19 42 73 49 67 12 7 38 24 30 51 35 33 56 56 41 79 8 34 43 61 64 17 40 25 13 56 17 40 40 60 51 43 24 60 47 34 30 31
28 3 22 68 54 55 40 40 59 64 76 4 48 65 38 43 23 31 65 25 48 27 67 45 46 96 28 30 41 105 50 16 78 32 65 43 84 58 33 80 74 63 39 44 22 1000000 61 48 61 5 28 82 66 73 64 81 10 18 68 91 76 74 65 32 58 48 87 30 20 9 76 53 55 66 63 76 79 64 10 65 45 74 57 75 79 6 51 63 61 82 62 47 79 83 75 102 22 88 80 60 60 89 76 76 50 75 8 53 63 81 68 58 37 65 89 45 88 18 21 59 45 19 54 21 45 78 62 63 98 16 14 63 80 81 7 35 36 11 61 29 51 56 82 73 60 45 77 65 12 32 41
76 64 68 73 32 40 21 34 55 63 59 58 35 21 23 35 39 34 13 76 66 57 32 44 16 35 33 88 58 44 15 65 70 89 58 20 61 48 56 40 50 15 56 68 41 61 1000000 14 36 57 57 22 56 56 53 31 54 67 37 30 16 54 43 37 55 35 34 32 45 69 50 16 9 29 12 18 24 30 60 47 31 51 32 20 48 67 41 16 14 32 38 19 70 34 15 42 42 27 31 23 46 28 62 31 41 34 53 59 40 34 8 6 24 19 75 59 27 44 40 31 18 71 48 64 28 34 48 36 39 49 68 43 57 27 57 78 30 50 48 34 63 15 25 34 54 18 24 10 70 66 59
62 51 54 71 25 32 9 22 47 54 54 45 25 29 10 24 25 24 18 62 54 43 37 33 7 48 20 74 46 58 6 53 63 75 51 12 59 40 48 42 47 23 44 56 27 48 14 1000000 31 44 48 36 56 51 53 37 40 54 34 43 30 50 39 24 46 32 42 21 31 55 47 10 8 28 17 29 36 34 46 41 27 47 33 32 47 53 31 18 15 38 40 15 64 39 27 56 28 40 41 21 46 41 57 34 31 36 40 49 42 39 22 13 12 20 71 54 40 31 27 26 5 57 46 53 24 37 48 31 52 35 56 37 54 39 43 65 22 37 48 23 52 19 34 34 46 5 35 22 57 53 47
62 64 55 101 7 8 37 22 21 28 23 60 14 57 33 19 40 51 26 63 38 41 67 19 38 56 40 79 34 68 25 72 34 78 23 43 28 14 74 20 16 51 33 43 40 61 36 31 1000000 56 72 53 87 20 84 27 51 57 7 50 48 19 8 29 22 63 33 46 42 64 17 22 28 11 25 34 59 64 54 11 57 17 64 55 18 64 12 22 22 29 70 46 34 27 36 67 39 50 67 13 77 54 27 20 13 17 54 28 73 25 43 40 39 20 40 82 51 51 45 5 28 61 76 75 54 21 79 2 67 45 73 7 23 62 55 60 50 53 79 48 33 48 35 15 20 28 60 46 73 48 35
27 8 20 70 49 50 37 35 54 59 71 6 43 63 34 38 19 29 60 24 44 23 65 40 42 92 24 32 36 101 46 20 73 34 60 40 79 53 35 75 69 60 34 40 18 5 57 44 56 1000000 30 79 67 68 64 76 5 16 63 87 73 69 60 27 53 47 82 28 15 11 71 49 51 61 59 72 76 62 7 60 44 69 56 72 74 9 46 58 56 78 61 44 74 78 71 99 17 84 77 56 60 85 71 71 45 70 5 48 62 77 65 54 34 60 84 47 84 15 17 54 41 18 55 25 43 73 62 58 95 11 19 58 75 78 2 33 34 9 61 26 47 53 77 68 55 41 74 62 17 28 37
55 28 49 41 65 69 39 52 78 84 92 24 60 52 40 55 33 24 66 52 72 51 49 62 42 90 32 54 63 96 52 16 97 58 83 37 99 74 6 88 88 52 61 69 35 28 57 48 72 30 1000000 74 40 89 39 84 32 45 78 86 68 89 79 45 77 29 89 27 35 36 89 57 55 74 64 75 67 47 37 80 30 88 39 64 90 33 66 65 63 86 41 38 98 87 72 93 37 82 64 66 37 81 94 81 65 82 26 74 42 86 62 52 36 68 107 18 81 23 28 69 47 46 30 11 31 84 38 73 88 35 20 76 94 68 31 62 27 24 37 25 74 46 81 81 78 47 64 57 24 58 64
99 85 90 80 51 59 42 56 74 81 73 79 55 24 45 56 61 53 28 98 87 79 33 65 37 17 55 110 80 23 37 84 85 111 76 39 74 67 72 49 64 22 78 90 63 82 22 36 53 79 74 1000000 60 71 57 36 75 90 52 16 6 69 60 59 74 47 34 52 67 90 62 36 31 44 28 20 11 33 82 64 44 65 40 11 60 88 60 32 32 35 42 36 86 38 17 20 64 11 21 40 51 8 78 40 61 45 74 79 44 39 14 24 45 34 88 72 9 65 62 49 40 93 56 82 43 41 53 52 16 71 88 60 70 14 79 101 48 71 54 54 83 28 24 45 73 40 15 17 90 89 81
93 67 86 20 81 87 51 73 101 108 110 62 79 38 56 76 60 42 69 91 102 83 28 85 50 77 55 94 93 79 62 56 119 98 105 45 115 95 35 96 103 42 90 101 63 66 56 56 87 67 40 60 1000000 107 4 87 67 83 91 76 58 106 95 69 100 25 89 47 65 75 103 66 61 84 68 72 50 28 73 98 30 104 24 49 103 72 86 71 68 87 19 41 120 90 68 75 65 71 42 76 11 68 113 87 85 90 62 100 17 90 55 51 50 74 127 25 70 54 56 83 59 85 12 50 33 90 9 87 69 68 61 93 110 49 68 99 40 59 8 46 102 41 79 89 100 59 46 49 65 92 94
66 75 61 121 26 20 57 37 15 17 3 72 29 77 52 34 56 69 45 68 35 48 87 28 58 71 57 84 36 83 46 86 14 82 11 63 12 15 91 26 9 71 37 42 54 73 56 51 20 68 89 71 107 1000000 104 39 63 64 20 66 67 3 13 44 17 83 45 64 55 74 11 42 49 28 45 52 78 85 64 10 77 7 84 74 16 75 23 41 42 41 91 66 14 38 54 83 53 67 87 33 97 72 6 33 24 28 67 24 93 37 62 60 58 39 20 100 68 66 61 25 48 68 96 90 74 33 99 21 84 57 86 14 9 82 66 62 69 67 99 66 29 69 50 27 14 48 79 66 85 51 36
91 65 83 22 77 84 47 69 97 105 107 60 76 34 52 73 57 39 65 88 99 80 25 82 46 74 52 92 89 77 58 54 115 96 102 41 111 92 33 93 99 39 87 98 60 64 53 53 84 64 39 57 4 104 1000000 83 64 80 87 73 55 102 91 66 96 21 86 44 62 73 100 62 57 80 64 69 47 25 71 94 27 100 21 46 99 70 83 67 65 84 16 38 116 86 65 73 62 68 40 73 7 65 110 84 82 87 60 97 14 86 52 47 47 70 123 24 67 51 53 79 56 82 10 49 30 86 5 84 67 65 59 90 107 46 65 97 36 56 5 43 99 37 75 86 97 56 43 46 63 89 90
87 84 79 104 30 34 46 42 47 53 40 78 37 50 45 41 58 61 19 87 64 65 61 45 43 32 54 102 60 44 32 88 53 102 47 48 39 40 84 14 31 45 60 70 58 81 31 37 27 76 84 36 87 39 83 1000000 71 81 22 27 33 36 30 49 48 66 7 57 61 86 29 28 29 17 20 16 45 60 76 34 61 32 63 42 25 85 38 19 22 2 68 49 53 3 20 45 59 29 55 20 76 34 45 7 39 11 73 55 70 3 32 37 49 17 54 89 30 66 61 25 38 85 79 90 58 7 78 25 46 65 91 31 36 48 75 86 58 71 79 60 60 46 12 13 45 38 48 38 92 73 61
27 13 19 72 44 45 33 30 50 54 66 10 38 60 30 33 15 28 56 25 41 19 64 35 39 88 21 35 32 97 42 24 69 36 55 37 75 48 36 70 64 57 30 37 13 10 54 40 51 5 32 75 67 63 64 71 1000000 16 58 83 69 64 55 22 48 46 77 25 10 15 66 44 47 56 54 68 73 60 7 55 42 64 54 69 69 14 41 54 52 73 60 42 70 73 66 95 13 80 75 51 60 81 67 66 40 65 5 44 61 72 61 51 31 55 80 48 80 14 14 49 36 19 55 28 41 69 62 53 92 6 23 53 70 75 4 33 32 8 61 24 43 50 73 63 50 36 71 59 22 26 33
11 18 5 86 51 50 48 38 49 52 67 21 44 76 44 40 29 44 68 9 34 17 80 38 53 101 36 22 28 111 54 33 66 22 54 53 76 50 50 77 67 73 27 28 27 18 67 54 57 16 45 90 83 64 80 81 16 1000000 64 96 83 66 59 32 48 62 87 41 23 12 70 56 60 64 66 80 88 77 10 58 59 67 71 84 73 15 46 65 63 83 76 57 68 82 79 109 25 93 91 60 76 95 66 75 44 73 21 41 78 81 75 66 46 66 78 63 93 30 30 57 50 4 71 39 57 77 78 59 106 19 30 57 72 91 15 17 49 24 77 40 38 66 84 71 50 50 86 74 27 16 29
68 71 61 105 14 14 42 28 25 31 22 66 20 58 38 25 47 56 25 70 43 47 69 26 41 53 45 85 40 64 29 78 34 84 25 47 25 19 79 13 13 52 40 49 46 68 37 34 7 63 78 52 91 20 87 22 58 64 1000000 47 47 17 8 36 26 67 28 51 48 71 13 25 30 8 25 32 58 67 61 12 61 14 67 55 13 71 18 22 23 24 73 49 34 22 35 65 46 48 67 14 80 52 26 15 20 11 61 33 75 20 43 42 44 19 38 87 49 57 51 9 32 68 80 81 58 16 82 5 65 52 80 9 20 62 61 67 55 59 82 53 38 51 31 9 24 32 60 47 80 54 41
104 94 95 95 51 57 51 59 72 78 67 88 56 39 53 59 69 64 29 104 87 83 49 66 46 5 63 117 82 17 42 95 80 118 73 50 66 65 85 41 58 37 80 91 70 91 30 43 50 87 86 16 76 66 73 27 83 96 47 1000000 19 63 56 64 72 61 23 62 74 98 56 40 36 40 30 17 27 49 89 60 58 59 55 27 52 97 60 32 33 26 58 48 80 29 17 18 71 5 36 39 67 10 72 33 61 38 83 78 59 30 25 35 54 32 81 86 6 74 70 47 47 100 71 94 56 34 68 49 19 78 98 56 63 29 87 105 60 80 69 65 83 41 16 39 70 47 31 30 100 92 82
92 79 83 77 46 53 36 50 69 76 69 72 49 20 39 50 54 47 23 92 81 73 30 59 30 21 48 104 74 29 30 78 81 105 71 33 70 62 66 46 60 18 72 84 57 76 16 30 48 73 68 6 58 67 55 33 69 83 47 19 1000000 64 55 53 69 42 33 46 60 84 59 30 25 39 23 17 12 30 75 59 39 61 36 9 56 82 55 26 26 33 39 30 81 36 14 26 58 14 21 35 48 13 73 36 55 41 68 73 41 37 8 18 39 29 84 67 13 59 55 44 34 87 52 77 38 38 50 47 23 65 82 55 66 15 72 94 42 65 51 48 78 23 23 41 68 34 14 12 84 82 75
68 76 62 120 25 20 56 37 17 20 5 73 29 75 51 33 56 68 42 70 37 49 85 29 56 68 56 86 38 80 44 86 17 84 14 61 11 16 91 23 5 69 39 44 55 74 54 50 19 69 89 69 106 3 102 36 64 66 17 63 64 1000000 11 44 19 81 41 63 55 75 8 40 47 25 42 49 75 83 65 9 76 4 83 72 12 76 23 39 40 38 89 64 17 35 51 80 53 64 84 31 95 69 9 30 24 25 68 27 91 33 60 58 57 36 21 100 65 66 61 23 47 69 95 90 73 29 97 19 81 58 87 13 6 79 67 64 68 67 98 65 32 67 47 24 16 47 77 64 86 53 38
63 68 57 109 14 10 45 27 17 23 16 64 19 64 40 24 46 58 32 65 36 43 74 21 45 61 46 81 34 73 33 77 26 79 17 50 21 11 81 19 9 58 34 42 45 65 43 39 8 60 79 60 95 13 91 30 55 59 8 56 55 11 1000000 34 18 70 36 52 46 68 11 30 36 16 32 40 66 72 58 4 65 9 72 62 14 68 14 29 30 32 78 53 27 30 43 73 44 56 74 20 84 60 19 24 16 19 59 25 80 28 50 47 46 26 32 89 57 56 51 13 36 63 84 80 62 24 86 8 73 49 78 2 16 69 59 61 58 58 87 55 31 56 40 17 16 36 67 54 78 48 34
40 35 31 80 22 24 22 8 33 39 47 31 16 50 16 11 12 28 36 40 33 20 57 17 26 69 14 54 24 80 23 43 52 54 38 28 55 29 48 48 43 46 22 34 11 32 37 24 29 27 45 59 69 44 66 49 22 32 36 64 53 44 34 1000000 32 45 56 22 12 36 45 24 29 34 34 48 59 54 26 35 40 43 50 55 47 36 21 33 31 51 57 33 53 51 47 78 10 62 64 29 60 64 48 44 19 43 25 31 59 50 45 36 21 34 62 58 62 23 17 27 19 36 57 46 37 46 62 31 76 16 44 32 50 62 26 42 30 24 62 24 32 40 52 41 33 19 59 45 44 30 25
49 60 44 111 23 16 49 27 2 8 20 58 22 75 44 24 44 59 46 51 19 31 83 15 52 77 46 67 20 89 42 72 21 65 7 56 29 7 80 37 22 69 21 25 42 58 55 46 22 53 77 74 100 17 96 48 48 48 26 72 69 19 18 32 1000000 75 54 54 41 58 25 40 46 32 46 56 79 81 48 14 70 21 79 75 29 59 15 42 43 50 85 60 22 48 58 89 40 72 86 34 90 76 19 41 15 37 53 8 87 46 62 58 50 41 32 90 73 54 49 25 42 51 88 76 67 41 92 23 89 43 72 16 25 82 51 45 61 53 92 55 13 65 57 35 3 42 79 65 70 34 20
73 50 65 39 56 63 26 48 76 83 86 44 54 23 31 51 37 19 47 71 78 60 20 60 25 63 31 78 69 69 38 43 94 80 81 20 91 70 26 73 79 25 66 77 40 48 35 32 63 47 29 47 25 83 21 66 46 62 67 61 42 81 70 45 75 1000000 69 23 43 57 79 42 37 60 46 53 38 17 53 73 6 80 10 36 79 54 61 48 46 67 14 18 95 69 49 65 42 56 35 53 15 54 89 65 60 67 42 76 15 68 37 29 25 51 102 25 55 32 34 58 35 65 13 39 9 68 17 63 60 46 47 69 86 39 48 78 15 38 17 23 77 20 59 66 76 35 35 31 51 70 70
93 90 85 107 37 41 51 49 53 59 46 84 43 52 50 47 64 66 24 94 71 72 62 52 47 28 60 109 67 39 37 94 58 109 53 52 43 47 89 19 36 47 66 76 65 87 34 42 33 82 89 34 89 45 86 7 77 87 28 23 33 41 36 56 54 69 1000000 62 67 92 34 34 34 23 25 17 45 62 82 40 64 38 65 42 30 91 45 24 27 5 70 52 58 6 21 40 65 26 54 27 79 31 50 13 46 17 79 61 72 8 34 40 54 22 58 93 27 72 67 32 43 91 81 95 62 13 80 32 42 72 97 38 40 48 81 93 63 77 81 65 66 49 11 19 52 43 47 40 97 80 68
51 33 43 58 38 43 12 27 55 62 67 27 34 35 13 30 14 5 39 50 55 37 39 39 16 66 8 59 46 75 25 33 74 61 60 13 73 50 29 61 61 32 43 54 17 30 32 21 46 28 27 52 47 64 44 57 25 41 51 62 46 63 52 22 54 23 62 1000000 20 39 63 29 28 46 37 49 48 36 32 54 19 62 30 45 63 36 41 38 36 58 36 17 75 60 47 72 19 59 50 39 38 59 69 54 40 55 23 53 38 59 39 28 9 41 83 37 58 13 11 42 20 44 35 33 17 57 40 47 68 23 36 50 68 51 28 56 8 19 40 2 55 26 55 53 55 20 46 35 38 47 47
33 23 24 73 34 36 25 20 43 48 58 18 28 54 21 23 6 24 46 32 37 18 58 27 30 78 13 44 28 88 32 31 62 45 48 30 66 40 39 60 55 50 26 35 4 20 45 31 42 15 35 67 65 55 62 61 10 23 48 74 60 55 46 12 41 43 67 20 1000000 25 57 35 37 47 45 58 65 55 15 47 38 55 50 61 59 24 33 44 42 63 56 35 63 63 57 86 3 71 68 41 57 72 59 56 31 56 13 39 58 62 52 42 23 45 73 50 71 13 9 40 27 27 53 35 36 59 59 43 83 5 32 44 62 68 14 37 28 12 59 20 39 43 63 53 43 27 64 51 32 27 29
20 8 16 77 58 58 48 44 59 62 77 14 51 74 45 46 30 40 71 16 46 26 76 46 53 103 35 20 39 112 57 22 77 23 65 52 85 59 42 83 76 71 37 40 28 9 69 55 64 11 36 90 75 74 73 86 15 12 71 98 84 75 68 36 58 57 92 39 25 1000000 79 60 62 70 69 83 87 73 10 67 55 76 66 83 81 4 54 69 67 88 71 56 78 88 82 110 28 95 88 65 70 96 76 81 52 79 16 52 73 86 76 66 45 70 89 54 95 26 29 63 52 11 64 28 54 83 71 66 106 20 19 65 81 89 12 27 45 20 71 37 49 65 88 77 60 52 85 74 16 27 39
73 79 67 118 24 21 54 38 24 28 12 75 30 71 50 35 57 68 37 75 44 53 81 32 54 61 57 91 44 72 41 88 25 89 22 59 12 21 91 15 3 65 44 51 56 76 50 47 17 71 89 62 103 11 100 29 66 70 13 56 59 8 11 45 25 79 34 63 57 79 1000000 37 43 20 38 42 70 79 69 12 74 5 80 66 4 79 25 34 36 30 86 62 24 27 45 73 55 57 79 27 93 62 16 23 27 18 70 33 88 26 55 54 56 31 26 99 58 67 62 21 45 74 93 91 71 22 95 16 74 60 89 14 7 73 70 70 67 69 95 65 39 63 40 17 23 45 72 60 89 58 44
64 57 56 81 17 25 18 20 40 48 45 51 19 35 17 20 30 33 12 64 50 43 45 29 17 45 26 78 43 56 4 60 55 78 43 22 49 33 57 32 37 29 41 53 32 53 16 10 22 49 57 36 66 42 62 28 44 56 25 40 30 40 30 24 40 42 34 29 35 60 37 1000000 7 18 10 24 39 42 50 33 37 38 42 35 37 58 25 9 7 30 49 24 56 30 23 54 32 38 46 11 55 40 49 25 25 26 46 44 51 30 23 18 21 12 62 63 38 38 33 17 10 60 55 62 34 27 57 22 52 39 63 28 44 43 48 65 31 43 58 32 48 26 28 25 39 10 40 26 64 53 44
68 58 60 76 24 31 17 25 46 54 51 52 26 29 17 26 32 32 10 68 57 48 38 35 13 41 27 81 49 51 6 61 62 82 50 19 55 40 55 36 43 23 47 59 34 55 9 8 28 51 55 31 61 49 57 29 47 60 30 36 25 47 36 29 46 37 34 28 37 62 43 7 1000000 23 9 21 33 36 53 39 32 44 37 29 42 61 32 11 8 31 43 20 62 32 20 50 35 34 40 16 50 35 55 28 32 30 47 50 45 32 17 12 20 14 68 60 34 39 34 23 10 64 51 61 30 30 52 28 47 42 64 35 50 36 50 70 29 44 52 31 54 20 27 29 46 10 33 19 65 58 50
70 69 63 99 13 18 36 27 32 38 30 64 20 51 33 25 44 51 17 71 48 49 61 28 35 45 42 86 44 57 22 76 42 86 33 40 32 25 75 14 21 45 43 53 44 66 29 28 11 61 74 44 84 28 80 17 56 64 8 40 39 25 16 34 32 60 23 46 47 70 20 18 23 1000000 17 24 50 59 60 20 55 22 60 47 19 70 21 14 15 19 66 42 42 18 26 57 44 40 59 7 73 44 34 11 22 9 59 39 68 16 34 34 38 11 46 81 41 54 48 8 27 68 74 77 52 12 75 9 57 50 78 16 28 54 60 70 49 57 75 49 44 43 24 7 30 27 52 39 78 57 45
74 66 65 84 23 30 26 29 46 53 47 60 27 33 25 29 40 41 2 74 59 53 44 37 22 35 36 88 52 46 13 69 58 88 48 28 49 39 64 28 38 28 50 62 41 63 12 17 25 59 64 28 68 45 64 20 54 66 25 30 23 42 32 34 46 46 25 37 45 69 38 10 9 17 1000000 14 33 42 60 36 41 39 44 30 36 68 32 4 3 22 50 28 59 23 13 45 42 28 42 12 57 31 51 19 32 22 55 51 52 23 17 17 29 7 63 69 29 48 43 21 18 70 59 70 38 22 59 24 44 49 72 32 45 37 58 75 38 53 60 40 55 27 18 22 45 18 35 22 73 62 53
87 79 79 90 34 41 37 42 56 63 53 73 40 35 38 42 53 52 12 87 70 67 46 49 33 22 48 101 65 34 26 81 66 102 57 38 53 49 74 29 44 30 63 75 55 76 18 29 34 72 75 20 72 52 69 16 68 80 32 17 17 49 40 48 56 53 17 49 58 83 42 24 21 24 14 1000000 29 45 73 44 49 45 49 26 39 81 43 15 17 16 53 37 66 19 4 33 55 16 39 23 62 20 58 19 44 24 68 62 55 19 17 24 40 16 68 77 17 60 56 31 31 84 65 81 46 21 64 33 33 63 85 40 50 32 71 88 48 65 64 51 67 33 7 25 54 31 31 23 86 76 66
97 81 89 69 56 63 40 57 79 86 80 75 58 15 44 58 59 48 33 96 89 79 22 68 34 28 52 107 82 31 38 78 92 109 81 35 82 72 64 58 71 16 79 92 61 79 24 36 59 76 67 11 50 78 47 45 73 88 58 27 12 75 66 59 79 38 45 48 65 87 70 39 33 50 33 29 1000000 23 79 69 37 72 30 4 68 85 64 37 36 45 32 31 92 48 25 27 63 22 10 45 41 18 84 48 64 53 71 83 33 48 16 23 42 39 96 62 21 61 59 54 40 91 46 76 36 50 42 58 22 69 82 65 77 4 76 100 43 67 43 50 87 23 34 53 78 40 4 14 85 89 83
87 66 79 47 59 66 33 55 81 89 88 60 59 10 38 57 49 33 43 85 87 72 3 67 29 50 42 93 78 54 39 60 98 96 85 26 91 75 43 70 79 15 76 88 52 64 30 34 64 62 47 33 28 85 25 60 60 77 67 49 30 83 72 54 81 17 62 36 55 73 79 42 36 59 42 45 23 1000000 67 75 19 80 8 22 78 70 66 45 44 60 9 22 98 63 41 50 54 44 18 52 18 41 91 61 65 64 57 83 11 63 28 25 34 49 104 40 42 47 47 60 38 80 23 57 20 63 20 64 44 59 65 71 86 23 63 92 28 54 20 36 85 16 51 64 80 38 20 22 68 82 79
20 12 13 77 47 48 40 33 50 54 67 13 41 67 36 36 21 34 61 18 38 17 71 37 45 94 27 28 31 104 47 26 68 30 55 44 76 49 42 73 66 64 29 34 19 10 60 46 54 7 37 82 73 64 71 76 7 10 61 89 75 65 58 26 48 53 82 32 15 10 69 50 53 60 60 73 79 67 1000000 57 49 66 61 76 71 11 44 59 57 78 66 48 70 77 72 101 18 86 82 55 66 87 67 71 42 69 11 43 68 76 68 57 37 60 80 54 86 20 21 53 42 12 61 31 48 73 68 56 98 11 24 55 71 82 6 26 39 15 68 31 41 57 78 67 51 42 78 66 22 22 31
61 68 55 111 17 11 47 28 13 19 13 65 20 68 42 25 47 60 36 63 33 42 78 21 48 65 48 79 32 77 36 78 22 78 13 53 20 9 82 23 9 62 32 39 46 65 47 41 11 60 80 64 98 10 94 34 55 58 12 60 59 9 4 35 14 73 40 54 47 67 12 33 39 20 36 44 69 75 57 1000000 67 9 75 66 15 68 14 32 33 36 81 56 23 34 47 77 45 60 78 24 87 64 16 27 16 23 59 22 83 32 54 51 48 30 29 91 61 58 52 16 38 62 86 81 65 28 89 12 77 50 79 4 15 73 59 58 60 59 90 56 28 59 44 21 12 38 71 57 78 47 32
69 48 61 44 51 57 20 42 70 78 80 41 49 22 26 46 32 15 42 67 73 56 22 55 20 61 26 75 64 67 32 42 88 77 75 14 85 65 27 68 73 22 61 72 35 45 31 27 57 44 30 44 30 77 27 61 42 59 61 58 39 76 65 40 70 6 64 19 38 55 74 37 32 55 41 49 37 19 49 67 1000000 74 12 34 73 52 56 43 40 62 18 12 89 64 45 63 37 53 35 47 20 52 83 60 55 62 39 70 20 63 34 25 20 46 96 29 52 29 29 53 29 62 19 39 3 62 23 58 58 41 46 63 80 38 44 74 10 35 23 19 72 17 55 61 70 29 34 28 49 65 65
69 77 64 118 24 19 54 36 20 23 8 73 28 72 50 33 55 67 39 71 40 50 82 29 54 64 55 87 40 76 42 86 21 86 17 59 12 17 90 19 2 66 40 46 54 74 51 47 17 69 88 65 104 7 100 32 64 67 14 59 61 4 9 43 21 80 38 62 55 76 5 38 44 22 39 45 72 80 66 9 74 1000000 81 69 9 76 23 36 37 34 87 62 21 31 48 77 53 60 81 28 93 65 13 27 24 22 68 29 89 30 57 56 56 33 24 98 62 66 60 21 45 70 93 90 71 26 95 16 78 58 87 12 7 76 67 66 67 67 96 64 34 64 44 21 18 45 74 61 86 55 40
81 59 73 42 58 65 29 52 79 87 87 53 57 16 35 55 44 27 45 79 83 67 11 64 27 57 38 87 74 61 39 52 96 89 84 23 92 73 35 72 80 19 72 83 47 57 32 33 64 56 39 40 24 84 21 63 54 71 67 55 36 83 72 50 79 10 65 30 50 66 80 42 37 60 44 49 30 8 61 75 12 81 1000000 29 79 63 64 47 45 64 6 19 97 66 45 57 49 50 26 53 13 47 90 63 64 66 51 80 9 66 32 27 30 50 104 32 49 41 41 59 37 73 17 49 14 66 15 64 51 53 57 70 87 31 56 86 22 47 16 30 82 17 55 65 79 37 27 26 60 77 75
93 78 85 69 52 59 36 53 75 82 77 71 54 13 40 54 55 44 29 93 85 75 22 64 31 28 48 103 78 33 34 75 88 105 77 32 78 68 61 55 68 13 75 88 57 75 20 32 55 72 64 11 49 74 46 42 69 84 55 27 9 72 62 55 75 36 42 45 61 83 66 35 29 47 30 26 4 22 76 66 34 69 29 1000000 64 81 60 33 32 42 31 28 88 45 22 29 59 22 13 42 40 19 81 45 60 49 67 79 33 46 12 19 38 36 92 61 20 57 55 50 36 88 45 73 33 47 42 54 24 65 79 61 74 8 72 96 40 64 42 46 82 19 32 49 74 36 5 10 82 85 78
76 82 70 118 25 24 54 40 28 32 16 77 31 69 51 36 58 68 36 78 48 56 80 35 54 57 58 94 47 69 41 90 29 93 26 59 14 24 92 11 7 63 47 54 58 79 48 47 18 74 90 60 103 16 99 25 69 73 13 52 56 12 14 47 29 79 30 63 59 81 4 37 42 19 36 39 68 78 71 15 73 9 79 64 1000000 82 28 32 34 27 85 61 28 24 43 70 57 54 77 26 92 59 20 20 29 15 72 37 87 22 53 53 56 29 29 99 55 69 63 21 45 77 92 93 71 19 94 17 71 63 91 16 10 71 72 74 67 71 94 66 43 62 37 15 27 45 69 58 91 62 48
23 4 19 73 58 58 46 43 60 64 78 11 51 72 44 46 28 38 70 20 48 28 73 47 51 101 34 23 41 111 55 19 79 26 66 50 86 60 38 83 77 69 39 42 27 6 67 53 64 9 33 88 72 75 70 85 14 15 71 97 82 76 68 36 59 54 91 36 24 4 79 58 61 70 68 81 85 70 11 68 52 76 63 81 82 1000000 54 68 66 87 68 53 80 87 80 108 27 94 86 65 66 94 78 80 53 79 14 53 69 86 74 64 43 69 90 50 93 24 27 63 50 14 60 25 51 82 68 66 104 20 16 66 82 87 10 31 43 17 67 35 51 62 87 77 61 50 83 71 13 30 41
50 54 43 98 9 4 35 14 15 23 26 50 7 60 30 11 33 46 33 51 27 29 68 8 37 65 34 67 23 77 27 64 33 66 19 42 34 9 68 31 23 54 22 32 32 51 41 31 12 46 66 60 86 23 83 38 41 46 18 60 55 23 14 21 15 61 45 41 33 54 25 25 32 21 32 43 64 66 44 14 56 23 64 60 28 54 1000000 29 29 40 71 45 34 39 44 76 31 59 71 21 76 63 28 32 2 28 45 19 73 37 48 43 36 28 42 78 60 43 38 13 28 50 74 67 53 33 78 13 75 35 64 12 29 68 45 49 47 45 78 43 23 50 45 26 15 28 65 51 64 36 23
72 66 64 87 20 27 27 27 42 50 43 60 24 37 26 27 40 42 4 72 56 51 47 34 24 37 36 87 49 49 13 70 55 87 45 29 46 35 65 25 35 31 48 60 41 63 16 18 22 58 65 32 71 41 67 19 54 65 22 32 26 39 29 33 42 48 24 38 44 69 34 9 11 14 4 15 37 45 59 32 43 36 47 33 32 68 29 1000000 3 21 53 31 55 22 16 48 41 31 45 8 60 34 47 17 29 19 55 48 55 21 21 21 30 3 60 71 31 48 43 17 19 69 61 71 40 20 62 21 47 48 72 28 41 41 57 73 39 52 63 41 52 30 19 18 41 19 38 25 73 60 50
71 64 62 85 20 27 24 26 43 50 45 58 24 35 23 26 38 39 5 71 55 50 45 33 21 39 33 85 49 50 11 67 56 85 45 27 48 36 63 28 36 29 47 59 39 61 14 15 22 56 63 32 68 42 65 22 52 63 23 33 26 40 30 31 43 46 27 36 42 67 36 7 8 15 3 17 36 44 57 33 40 37 45 32 34 66 29 3 1000000 23 51 28 56 24 17 49 39 32 44 9 58 34 49 19 29 22 53 47 53 23 20 19 27 6 61 68 32 45 40 18 16 67 59 68 38 22 60 22 47 46 70 29 43 40 55 72 37 50 60 38 52 28 21 21 42 16 37 24 71 59 50
89 86 81 105 32 36 47 44 49 55 42 80 39 51 46 43 60 62 20 90 67 68 61 47 44 31 56 104 63 42 34 90 55 104 49 49 40 43 86 16 33 45 62 72 60 82 32 38 29 78 86 35 87 41 84 2 73 83 24 26 33 38 32 51 50 67 5 58 63 88 30 30 31 19 22 16 45 60 78 36 62 34 64 42 27 87 40 21 23 1000000 69 50 54 3 20 43 60 28 55 22 77 33 47 9 41 13 75 57 71 4 32 37 50 18 55 90 29 68 63 27 39 87 79 91 59 8 79 27 44 67 93 33 37 48 77 88 60 72 79 61 62 47 11 15 47 39 47 39 93 76 63
86 64 78 37 65 72 36 59 86 93 94 57 64 19 41 61 50 32 50 84 90 73 10 71 34 59 44 91 81 62 45 55 103 94 90 29 98 80 37 78 86 23 78 90 53 62 38 40 70 61 41 42 19 91 16 68 60 76 73 58 39 89 78 57 85 14 70 36 56 71 86 49 43 66 50 53 32 9 66 81 18 87 6 31 85 68 71 53 51 69 1000000 25 104 71 50 58 55 53 26 59 9 50 97 69 70 72 56 86 2 71 37 32 36 56 110 32 52 46 47 66 43 79 15 52 20 71 10 71 53 59 60 77 93 32 61 92 28 52 11 36 89 23 60 71 85 43 29 30 64 83 82
67 50 59 57 40 46 11 33 60 68 69 43 38 19 17 36 28 17 30 66 65 51 25 46 8 52 22 76 57 59 21 47 78 78 65 5 74 54 37 56 62 16 54 66 31 47 19 15 46 44 38 36 41 66 38 49 42 57 49 48 30 64 53 33 60 18 52 17 35 56 62 24 20 42 28 37 31 22 48 56 12 62 19 28 61 53 45 31 28 50 25 1000000 79 52 34 56 33 44 33 35 31 43 72 47 45 50 40 61 28 51 24 14 12 34 85 41 43 29 27 41 18 61 31 46 10 50 33 46 52 39 51 52 69 34 44 71 12 36 33 18 64 9 44 49 60 18 30 19 54 61 58
67 82 64 132 39 32 69 48 21 16 13 80 41 91 64 44 65 80 59 70 35 52 100 37 70 85 67 86 39 97 59 94 2 83 15 75 17 25 101 39 22 85 41 42 63 79 70 64 34 74 98 86 120 14 116 53 70 68 34 80 81 17 27 53 22 95 58 75 63 78 24 56 62 42 59 66 92 98 70 23 89 21 97 88 28 80 34 55 56 54 104 79 1000000 52 68 97 62 81 101 47 109 86 8 47 35 42 75 27 106 50 76 74 70 53 11 111 82 75 70 39 61 71 108 98 86 46 111 34 98 65 93 27 18 96 73 62 81 75 112 76 30 82 64 41 20 61 93 80 92 53 39
88 86 80 107 31 35 48 44 47 53 39 80 38 53 47 42 60 63 22 89 65 67 64 46 45 34 57 104 61 45 35 91 52 104 47 51 37 41 87 13 30 48 60 70 61 83 34 39 27 78 87 38 90 38 86 3 73 82 22 29 36 35 30 51 48 69 6 60 63 88 27 30 32 18 23 19 48 63 77 34 64 31 66 45 24 87 39 22 24 3 71 52 52 1000000 23 46 61 31 58 22 79 36 44 7 40 11 75 55 73 2 35 40 51 19 52 92 32 69 63 26 40 86 81 92 61 6 81 25 48 67 93 31 34 51 77 87 61 73 82 62 60 49 14 13 45 40 50 41 94 75 62
87 78 78 87 35 42 35 42 57 65 56 72 40 31 36 42 52 49 12 87 72 66 42 50 31 22 47 100 65 33 25 79 68 101 59 35 57 50 71 33 47 26 64 75 54 75 15 27 36 71 72 17 68 54 65 20 66 79 35 17 14 51 43 47 58 49 21 47 57 82 45 23 20 26 13 4 25 41 72 47 45 48 45 22 43 80 44 16 17 20 50 34 68 23 1000000 32 54 15 35 24 58 18 60 23 45 28 67 63 51 23 13 21 38 17 71 74 15 58 54 32 30 83 61 79 43 25 60 35 31 62 83 43 53 29 70 88 45 64 61 49 68 29 10 28 56 30 28 19 84 76 66
118 105 109 95 67 74 62 74 89 96 85 99 72 42 65 74 81 73 44 117 103 98 48 82 57 13 75 130 97 4 55 104 97 131 90 59 83 82 91 59 75 42 96 107 83 102 42 56 67 99 93 20 75 83 73 45 95 109 65 18 26 80 73 78 89 65 40 72 86 110 73 54 50 57 45 33 27 50 101 77 63 77 57 29 70 108 76 48 49 43 58 56 97 46 32 1000000 84 17 33 56 67 14 89 50 77 55 94 95 59 48 34 44 65 49 98 89 17 85 82 64 60 113 73 102 62 51 68 66 6 91 108 73 80 27 98 120 68 91 69 74 100 48 33 56 87 60 30 37 110 107 98
35 25 26 73 32 34 23 18 41 47 56 21 26 52 19 21 5 23 43 34 37 19 57 25 28 76 11 46 28 86 29 33 61 47 47 28 64 38 40 58 53 48 25 36 2 22 42 28 39 17 37 64 65 53 62 59 13 25 46 71 58 53 44 10 40 42 65 19 3 28 55 32 35 44 42 55 63 54 18 45 37 53 49 59 57 27 31 41 39 60 55 33 62 61 54 84 1000000 68 66 38 56 70 58 54 29 53 15 38 57 59 50 40 21 43 71 51 68 14 9 37 24 29 53 37 35 56 59 41 81 7 34 42 59 66 16 38 27 14 58 19 38 41 60 51 41 24 61 49 34 28 29
102 91 93 90 50 57 48 57 72 79 69 84 55 34 50 57 66 60 27 102 86 81 43 65 43 8 60 114 80 18 39 91 81 115 73 46 68 65 80 43 59 32 79 90 67 88 27 40 50 84 82 11 71 67 68 29 80 93 48 5 14 64 56 62 72 56 26 59 71 95 57 38 34 40 28 16 22 44 86 60 53 60 50 22 54 94 59 31 32 28 53 44 81 31 15 17 68 1000000 31 39 62 5 73 34 60 39 80 78 54 32 20 31 51 32 83 81 1 71 67 47 44 97 66 90 52 35 63 49 17 75 95 56 64 24 84 103 56 77 64 61 83 37 17 40 70 44 25 25 96 91 81
101 82 92 62 63 71 43 63 86 94 89 76 65 14 48 65 62 48 42 99 95 83 16 74 38 36 55 109 87 37 44 77 100 111 89 38 91 79 61 67 80 19 85 97 64 80 31 41 67 77 64 21 42 87 40 55 75 91 67 36 21 84 74 64 86 35 54 50 68 88 79 46 40 59 42 39 10 18 82 78 35 81 26 13 77 86 71 45 44 55 26 33 101 58 35 33 66 31 1000000 54 35 27 93 58 71 62 72 90 26 58 24 29 45 48 105 58 30 62 61 62 46 94 41 74 35 60 35 66 27 72 82 73 86 7 77 104 43 69 36 51 93 25 44 62 85 46 7 21 85 93 88
67 64 59 92 12 18 29 22 34 41 36 58 17 44 26 21 38 43 13 67 48 46 54 27 27 45 35 82 42 56 15 69 47 82 36 33 39 27 67 22 27 38 41 52 38 60 23 21 13 56 66 40 76 33 73 20 51 60 14 39 35 31 20 29 34 53 27 39 41 65 27 11 16 7 12 23 45 52 55 24 47 28 53 42 26 65 21 8 9 22 59 35 47 22 24 56 38 39 54 1000000 66 42 39 16 21 16 53 39 61 21 29 27 31 7 52 74 39 47 42 8 20 64 66 71 45 18 68 12 55 45 71 20 34 49 54 67 42 51 68 41 44 36 25 14 33 20 46 33 72 54 43
86 62 79 29 70 77 41 63 91 98 100 56 69 28 46 66 51 33 58 84 93 75 19 75 39 68 46 89 84 71 51 52 108 92 95 34 104 85 32 86 92 32 81 92 54 60 46 46 77 60 37 51 11 97 7 76 60 76 80 67 48 95 84 60 90 15 79 38 57 70 93 55 50 73 57 62 41 18 66 87 20 93 13 40 92 66 76 60 58 77 9 31 109 79 58 67 56 62 35 66 1000000 59 103 76 75 79 55 91 8 79 45 40 40 63 116 25 61 46 48 72 49 78 7 47 23 79 2 77 61 60 57 83 99 41 61 92 30 52 2 38 92 30 69 78 90 49 38 39 60 84 85
103 92 95 87 54 61 48 60 76 83 73 85 58 32 51 60 67 60 30 103 90 83 40 68 43 10 61 116 83 16 41 91 86 117 77 46 72 69 79 48 64 30 81 93 69 89 28 41 54 85 81 8 68 72 65 34 81 95 52 10 13 69 60 64 76 54 31 59 72 96 62 40 35 44 31 20 18 41 87 64 52 65 47 19 59 94 63 34 34 33 50 43 86 36 18 14 70 5 27 42 59 1000000 78 39 63 44 81 81 51 37 20 31 51 35 87 79 4 71 68 50 45 99 64 89 50 40 60 53 13 77 94 61 69 20 84 105 55 77 61 61 86 35 22 45 74 45 22 24 96 93 84
67 79 63 126 32 26 62 42 17 16 5 76 35 84 58 39 60 74 51 70 35 50 93 32 64 77 62 86 38 89 52 90 8 83 12 69 12 20 96 31 14 77 39 42 59 76 62 57 27 71 94 78 113 6 110 45 67 66 26 72 73 9 19 48 19 89 50 69 59 76 16 49 55 34 51 58 84 91 67 16 83 13 90 81 20 78 28 47 49 47 97 72 8 44 60 89 58 73 93 39 103 78 1000000 39 29 34 71 26 99 42 69 66 64 45 14 106 74 71 65 32 54 70 102 94 80 38 105 27 90 61 90 20 11 88 70 63 75 71 105 71 30 75 56 33 17 54 86 73 89 53 38
81 79 73 104 24 28 43 37 40 46 35 74 31 52 41 35 53 58 18 82 58 60 62 39 41 38 51 97 54 50 29 85 47 96 40 46 34 34 82 10 25 46 53 63 54 76 31 34 20 71 81 40 87 33 84 7 66 75 15 33 36 30 24 44 41 65 13 54 56 81 23 25 28 11 19 19 48 61 71 27 60 27 63 45 20 80 32 17 19 9 69 47 47 7 23 50 54 34 58 16 76 39 39 1000000 33 5 68 48 71 6 34 37 46 14 49 88 35 63 57 19 34 79 78 86 57 3 78 18 51 61 87 25 30 51 70 80 56 66 79 56 53 46 17 6 39 34 50 40 87 67 55
49 53 42 97 10 6 34 13 16 23 28 49 6 59 29 10 32 45 33 50 27 28 68 6 37 66 33 66 22 78 27 62 34 65 20 41 35 10 67 32 24 54 21 31 30 50 41 31 13 45 65 61 85 24 82 39 40 44 20 61 55 24 16 19 15 60 46 40 31 52 27 25 32 22 32 44 64 65 42 16 55 24 64 60 29 53 2 29 29 41 70 45 35 40 45 77 29 60 71 21 75 63 29 33 1000000 30 44 19 72 38 48 43 35 28 43 77 60 42 36 14 27 48 74 66 52 34 77 15 76 34 63 13 30 68 43 47 46 43 77 42 23 50 46 27 15 27 64 51 62 35 22
78 78 71 106 22 25 44 36 36 42 30 73 29 55 42 33 53 59 22 79 54 57 66 36 42 43 51 95 51 55 30 85 42 94 36 48 29 30 83 6 20 50 50 60 53 75 34 36 17 70 82 45 90 28 87 11 65 73 11 38 41 25 19 43 37 67 17 55 56 79 18 26 30 9 22 24 53 64 69 23 62 22 66 49 15 79 28 19 22 13 72 50 42 11 28 55 53 39 62 16 79 44 34 5 30 1000000 68 44 74 9 38 40 47 16 44 89 40 63 57 16 35 77 81 86 59 5 81 15 56 59 87 20 25 56 69 77 58 66 82 57 49 49 22 2 35 35 55 44 87 65 52
31 11 24 66 47 49 32 33 54 59 71 6 41 58 30 36 15 24 57 29 46 25 60 39 38 88 20 36 38 97 42 19 73 39 60 36 79 52 31 73 68 55 35 42 15 8 53 40 54 5 26 74 62 67 60 73 5 21 61 83 68 68 59 25 53 42 79 23 13 16 70 46 47 59 55 68 71 57 11 59 39 68 51 67 72 14 45 55 53 75 56 40 75 75 67 94 15 80 72 53 55 81 71 68 44 68 1000000 49 57 74 60 50 29 57 85 43 80 10 13 52 37 23 50 23 38 71 57 56 91 10 19 56 74 73 6 37 29 4 57 21 48 48 74 66 55 37 69 58 19 31 38
42 55 37 110 28 21 51 28 9 11 27 54 25 77 45 25 42 58 52 44 11 26 86 16 54 84 45 60 13 96 45 68 25 58 14 57 36 14 77 45 30 72 15 17 39 53 59 49 28 48 74 79 100 24 97 55 44 41 33 78 73 27 25 31 8 76 61 53 39 52 33 44 50 39 51 62 83 83 43 22 70 29 80 79 37 53 19 48 47 57 86 61 27 55 63 95 38 78 90 39 91 81 26 48 19 44 49 1000000 89 53 67 61 51 46 37 88 79 51 47 31 44 44 88 72 68 49 93 30 94 39 67 24 33 86 47 37 61 50 93 55 5 67 63 42 11 44 83 69 65 27 13
88 65 80 36 67 74 38 61 88 95 96 59 66 20 44 64 52 34 52 86 92 75 11 73 36 60 46 93 83 63 47 57 105 96 92 31 100 82 38 80 88 25 80 92 55 63 40 42 73 62 42 44 17 93 14 70 61 78 75 59 41 91 80 59 87 15 72 38 58 73 88 51 45 68 52 55 33 11 68 83 20 89 9 33 87 69 73 55 53 71 2 28 106 73 51 59 57 54 26 61 8 51 99 71 72 74 57 89 1000000 73 38 34 38 58 112 32 53 48 49 68 45 80 14 52 22 73 9 73 53 61 61 79 95 33 63 93 30 54 10 38 91 25 62 73 87 45 30 32 65 84 84
86 85 79 107 30 33 47 43 45 51 37 79 36 54 46 41 59 63 22 87 63 65 64 44 45 35 56 102 60 47 34 90 50 102 45 50 36 39 86 11 28 48 59 69 59 81 34 39 25 77 86 39 90 37 86 3 72 81 20 30 37 33 28 50 46 68 8 59 62 86 26 30 32 16 23 19 48 63 76 32 63 30 66 46 22 86 37 21 23 4 71 51 50 2 23 48 59 32 58 21 79 37 42 6 38 9 74 53 73 1000000 35 39 50 18 51 92 33 68 62 24 39 85 81 91 61 4 81 24 49 66 92 29 33 52 75 86 60 72 82 61 58 49 15 11 44 39 51 41 93 73 60
84 71 76 74 40 47 28 42 63 70 65 65 42 18 31 43 47 40 17 84 74 65 29 52 23 28 41 96 66 36 23 71 76 97 65 26 66 56 60 44 56 13 64 77 49 68 8 22 43 65 62 14 55 62 52 32 61 75 43 25 8 60 50 45 62 37 34 39 52 76 55 23 17 34 17 17 16 28 68 54 34 57 32 12 53 74 48 21 20 32 37 24 76 35 13 34 50 20 24 29 45 20 69 34 48 38 60 67 38 35 1000000 11 31 24 80 62 20 51 48 38 26 79 49 70 32 36 47 42 31 57 74 49 62 20 64 87 36 57 48 41 71 17 23 38 62 26 17 6 76 75 67
75 61 66 68 35 43 18 34 58 66 63 54 37 17 21 36 37 29 18 74 67 56 27 46 12 38 30 86 59 47 16 60 73 87 61 15 66 51 51 46 55 11 57 69 39 58 6 13 40 54 52 24 51 60 47 37 51 66 42 35 18 58 47 36 58 29 40 28 42 66 54 18 12 34 17 24 23 25 57 51 25 56 27 19 53 64 43 21 19 37 32 14 74 40 21 44 40 31 29 27 40 31 66 37 43 40 50 61 34 39 11 1000000 21 24 79 54 30 41 37 35 18 69 42 59 23 39 42 40 41 47 64 46 61 26 54 78 25 47 42 30 65 10 30 39 57 18 22 9 66 66 60
55 40 47 63 32 38 3 23 51 58 61 34 29 31 6 26 17 12 30 54 54 39 37 35 8 58 10 65 45 67 17 41 69 67 55 8 67 45 36 53 55 27 42 54 19 37 24 12 39 34 36 45 50 58 47 49 31 46 44 54 39 57 46 21 50 25 54 9 23 45 56 21 20 38 29 40 42 34 37 48 20 56 30 38 56 43 36 30 27 50 36 12 70 51 38 65 21 51 45 31 40 51 64 46 35 47 29 51 38 50 31 21 1000000 32 77 43 50 20 17 35 12 49 38 41 17 48 42 40 61 27 44 44 62 45 34 59 11 26 42 11 53 20 46 45 50 12 41 28 46 48 46
73 68 65 90 19 25 29 28 40 48 41 62 24 40 28 27 41 44 6 73 55 52 50 33 27 38 38 88 49 49 16 72 52 88 43 32 43 33 68 22 32 34 48 59 42 65 19 20 20 60 68 34 74 39 70 17 55 66 19 32 29 36 26 34 41 51 22 41 45 70 31 12 14 11 7 16 39 49 60 30 46 33 50 36 29 69 28 3 6 18 56 34 53 19 17 49 43 32 48 7 63 35 45 14 28 16 57 46 58 18 24 24 32 1000000 57 74 32 50 45 15 21 70 65 73 43 16 65 19 48 50 74 26 38 43 59 73 42 54 66 43 51 33 18 15 39 21 41 28 75 60 50
78 92 74 140 46 40 76 56 30 26 17 90 48 96 71 53 74 88 63 80 45 63 106 46 77 86 76 96 50 97 65 103 12 94 25 82 15 33 110 40 25 90 51 52 73 89 75 71 40 84 107 88 127 20 123 54 80 78 38 81 84 21 32 62 32 102 58 83 73 89 26 62 68 46 63 68 96 104 80 29 96 24 104 92 29 90 42 60 61 55 110 85 11 52 71 98 71 83 105 52 116 87 14 49 43 44 85 37 112 51 80 79 77 57 1000000 120 84 85 79 45 68 81 116 107 94 47 118 40 100 74 103 34 19 99 83 72 89 85 119 85 40 88 65 43 30 68 97 85 102 64 50
73 46 66 23 75 80 45 63 91 97 104 42 71 48 49 67 47 32 70 70 88 67 42 75 47 88 44 71 78 93 59 33 110 75 96 41 110 86 12 95 98 50 76 85 49 45 59 54 82 47 18 72 25 100 24 89 48 63 87 86 67 100 89 58 90 25 93 37 50 54 99 63 60 81 69 77 62 40 54 91 29 98 32 61 99 50 78 71 68 90 32 41 111 92 74 89 51 81 58 74 25 79 106 88 77 89 43 88 32 92 62 54 43 74 120 1000000 80 37 42 78 55 64 18 27 31 90 25 83 84 51 37 87 105 63 48 80 32 41 24 35 89 45 84 88 91 55 59 56 41 74 79
102 91 93 89 51 58 47 58 72 79 70 84 56 33 50 58 65 60 28 102 87 81 42 65 42 8 60 114 81 18 39 90 82 115 74 45 69 65 79 44 60 31 79 91 67 88 27 40 51 84 81 9 70 68 67 30 80 93 49 6 13 65 57 62 73 55 27 58 71 95 58 38 34 41 29 17 21 42 86 61 52 62 49 20 55 93 60 31 32 29 52 43 82 32 15 17 68 1 30 39 61 4 74 35 60 40 80 79 53 33 20 30 50 32 84 80 1000000 70 67 47 44 97 65 89 51 36 62 50 16 75 94 57 65 23 83 103 55 76 63 60 83 36 18 41 71 44 24 25 96 91 82
41 21 33 60 43 47 23 29 55 61 70 14 38 48 22 33 11 14 49 39 50 30 50 39 28 79 12 47 41 87 35 22 74 49 60 26 77 51 26 68 66 45 39 48 12 18 44 31 51 15 23 65 54 66 51 66 14 30 57 74 59 66 56 23 54 32 72 13 13 26 67 38 39 54 48 60 61 47 20 58 29 66 41 57 69 24 43 48 45 68 46 29 75 69 58 85 14 71 62 47 46 71 71 63 42 63 10 51 48 68 51 41 20 50 85 37 70 1000000 6 48 29 33 41 24 28 65 48 52 81 14 25 54 72 63 16 46 19 7 48 11 51 38 66 61 55 29 59 48 26 38 42
40 24 32 64 38 41 20 24 50 56 64 18 32 46 17 27 5 14 44 39 46 27 50 34 25 75 7 49 37 84 30 28 69 50 55 23 71 46 31 62 60 43 34 45 7 21 40 27 45 17 28 62 56 61 53 61 14 30 51 70 55 61 51 17 49 34 67 11 9 29 62 33 34 48 43 56 59 47 21 52 29 60 41 55 63 27 38 43 40 63 47 27 70 63 54 82 9 67 61 42 48 68 65 57 36 57 13 47 49 62 48 37 17 45 79 42 67 6 1000000 42 24 33 44 30 27 60 50 46 78 12 30 48 67 61 17 45 19 10 50 11 47 36 61 55 50 24 57 45 31 36 38
62 62 55 97 5 10 33 20 25 33 28 58 12 52 29 17 38 47 21 63 40 41 62 20 33 52 36 78 36 64 21 69 38 78 28 38 33 18 70 21 21 46 35 45 38 59 31 26 5 54 69 49 83 25 79 25 49 57 9 47 44 23 13 27 25 58 32 42 40 63 21 17 23 8 21 31 54 60 53 16 53 21 59 50 21 63 13 17 18 27 66 41 39 26 32 64 37 47 62 8 72 50 32 19 14 16 52 31 68 24 38 35 35 15 45 78 47 48 42 1000000 24 61 72 72 50 20 74 5 63 43 71 12 28 57 53 61 46 51 74 44 36 43 32 14 24 24 55 41 71 49 36
58 48 50 73 22 28 9 17 43 50 51 42 21 33 7 19 22 24 20 58 50 39 41 29 10 51 17 71 41 62 6 51 60 71 47 15 56 36 48 41 44 28 39 51 24 45 18 5 28 41 47 40 59 48 56 38 36 50 32 47 34 47 36 19 42 35 43 20 27 52 45 10 10 27 18 31 40 38 42 38 29 45 37 36 45 50 28 19 16 39 43 18 61 40 30 60 24 44 46 20 49 45 54 34 27 35 37 44 45 39 26 18 12 21 68 55 44 29 24 24 1000000 53 48 52 26 37 51 29 57 32 54 34 51 44 40 60 23 34 51 22 48 23 37 34 42 0 40 26 55 49 42
9 18 7 87 55 54 52 42 53 55 71 23 48 80 48 44 33 47 72 6 37 20 83 42 57 105 39 18 32 115 58 33 69 18 58 56 80 53 52 80 71 76 31 31 30 19 71 57 61 18 46 93 85 68 82 85 19 4 68 100 87 69 63 36 51 65 91 44 27 11 74 60 64 68 70 84 91 80 12 62 62 70 73 88 77 14 50 69 67 87 79 61 71 86 83 113 29 97 94 64 78 99 70 79 48 77 23 44 80 85 79 69 49 70 81 64 97 33 33 61 53 1000000 73 39 60 81 80 63 110 22 30 61 76 94 17 16 52 27 79 43 41 69 88 75 54 53 90 77 27 18 32
81 56 74 26 70 76 39 61 89 96 99 50 68 32 44 64 48 30 60 79 90 71 25 73 39 73 43 83 80 77 51 45 107 86 94 34 104 83 25 87 92 35 78 88 51 54 48 46 76 55 30 56 12 96 10 79 55 71 80 71 52 95 84 57 88 13 81 35 53 64 93 55 51 74 59 65 46 23 61 86 19 93 17 45 92 60 74 61 59 79 15 31 108 81 61 73 53 66 41 66 7 64 102 78 74 81 50 88 14 81 49 42 38 65 116 18 65 41 44 72 48 73 1000000 40 22 81 8 77 67 55 50 82 99 46 56 87 28 47 7 34 90 32 71 79 89 48 43 42 54 80 81
48 21 43 49 67 70 44 53 77 83 93 19 62 61 45 57 34 30 71 45 69 48 59 62 49 98 36 45 61 105 58 6 96 49 83 44 101 74 16 92 89 60 58 65 35 21 64 53 75 25 11 82 50 90 49 90 28 39 81 94 77 90 80 46 76 39 95 33 35 28 91 62 61 77 70 81 76 57 31 81 39 90 49 73 93 25 67 71 68 91 52 46 98 92 79 102 37 90 74 71 47 89 94 86 66 86 23 72 52 91 70 59 41 73 107 27 89 24 30 72 52 39 40 1000000 40 89 49 76 97 33 11 78 96 77 27 56 34 23 48 30 71 54 88 84 78 52 73 65 15 53 61
68 47 59 47 48 54 18 40 68 75 77 40 46 22 23 43 30 13 39 66 70 54 23 52 17 59 24 74 61 66 30 42 86 76 72 12 82 62 29 65 70 21 59 70 33 45 28 24 54 43 31 43 33 74 30 58 41 57 58 56 38 73 62 37 67 9 62 17 36 54 71 34 30 52 38 46 36 20 48 65 3 71 14 33 71 51 53 40 38 59 20 10 86 61 43 62 35 52 35 45 23 50 80 57 52 59 38 68 22 61 32 23 17 43 94 31 51 28 27 50 26 60 22 40 1000000 60 25 55 58 40 46 60 77 38 43 72 9 34 25 17 70 15 53 58 67 26 34 26 49 63 62
82 81 75 106 26 29 46 39 41 47 34 76 33 54 44 37 56 61 21 83 59 61 65 40 43 39 53 99 55 50 32 87 46 98 41 49 32 35 85 8 24 48 55 64 56 78 34 37 21 73 84 41 90 33 86 7 69 77 16 34 38 29 24 46 41 68 13 57 59 83 22 27 30 12 22 21 50 63 73 28 62 26 66 47 19 82 33 20 22 8 71 50 46 6 25 51 56 35 60 18 79 40 38 3 34 5 71 49 73 4 36 39 48 16 47 90 36 65 60 20 37 81 81 89 60 1000000 81 19 52 63 89 25 29 53 72 81 59 69 82 59 54 49 18 7 39 37 52 42 90 69 56
88 64 81 27 73 79 43 65 93 100 102 58 71 29 48 68 54 36 60 86 95 77 20 77 41 70 48 91 86 72 54 53 111 94 98 36 107 87 33 88 95 34 83 94 56 62 48 48 79 62 38 53 9 99 5 78 62 78 82 68 50 97 86 62 92 17 80 40 59 71 95 57 52 75 59 64 42 20 68 89 23 95 15 42 94 68 78 62 60 79 10 33 111 81 60 68 59 63 35 68 2 60 105 78 77 81 57 93 9 81 47 42 42 65 118 25 62 48 50 74 51 80 8 49 25 81 1000000 79 62 62 58 85 102 42 63 94 32 54 1 40 95 32 70 81 92 51 39 41 62 86 87
64 66 56 102 9 10 38 23 23 30 23 61 15 57 34 20 42 51 25 65 40 43 66 21 38 54 41 80 36 66 26 73 34 80 24 43 28 16 75 18 16 51 35 45 41 63 36 31 2 58 73 52 87 21 84 25 53 59 5 49 47 19 8 31 23 63 32 47 43 66 16 22 28 9 24 33 58 64 56 12 58 16 64 54 17 66 13 21 22 27 71 46 34 25 35 66 41 49 66 12 77 53 27 18 15 15 56 30 73 24 42 40 40 19 40 83 50 52 46 5 29 63 77 76 55 19 79 1000000 66 47 75 8 23 61 56 62 51 54 79 49 35 48 33 13 21 29 59 46 75 50 37
115 101 106 89 66 73 58 72 88 95 86 95 71 37 62 72 77 68 43 114 102 95 42 80 53 15 71 126 96 10 53 99 98 128 90 55 85 81 85 60 76 37 94 106 79 98 39 52 67 95 88 16 69 84 67 46 92 106 65 19 23 81 73 76 89 60 42 68 83 106 74 52 47 57 44 33 22 44 98 77 58 78 51 24 71 104 75 47 47 44 53 52 98 48 31 6 81 17 27 55 61 13 90 51 76 56 91 94 53 49 31 41 61 48 100 84 16 81 78 63 57 110 67 97 58 52 62 66 1000000 88 103 73 81 21 95 117 64 87 63 70 99 43 34 57 87 57 25 33 106 105 97
29 19 20 74 38 39 30 24 44 49 61 15 32 58 26 27 11 27 51 27 37 16 62 29 35 83 17 39 28 93 37 29 63 40 50 34 69 42 39 64 58 54 25 34 8 16 49 35 45 11 35 71 68 57 65 65 6 19 52 78 65 58 49 16 43 46 72 23 5 20 60 39 42 50 49 63 69 59 11 50 41 58 53 65 63 20 35 48 46 67 59 39 65 67 62 91 7 75 72 45 60 77 61 61 34 59 10 39 61 66 57 47 27 50 74 51 75 14 12 43 32 22 55 33 40 63 62 47 88 1000000 29 47 64 72 10 33 31 11 61 23 39 47 67 57 45 32 68 55 28 24 29
39 12 35 59 66 68 47 52 73 78 90 14 60 68 47 55 34 35 74 35 62 42 67 58 52 102 37 34 55 111 59 5 92 38 79 49 98 71 26 92 87 67 53 58 34 14 68 56 73 19 20 88 61 86 59 91 23 30 80 98 82 87 78 44 72 47 97 36 32 19 89 63 64 78 72 85 82 65 24 79 46 87 57 79 91 16 64 72 70 93 60 51 93 93 83 108 34 95 82 71 57 94 90 87 63 87 19 67 61 92 74 64 44 74 103 37 94 25 30 71 54 30 50 11 46 89 58 75 103 29 1000000 76 93 84 21 46 40 20 57 34 65 60 90 85 74 54 80 70 4 45 55
61 66 54 107 12 8 43 25 16 22 17 62 16 64 38 21 44 56 32 62 34 40 73 19 44 62 44 78 32 73 32 75 27 77 17 49 23 10 78 21 12 57 32 40 43 63 43 37 7 58 76 60 93 14 90 31 53 57 9 56 55 13 2 32 16 69 38 50 44 65 14 28 35 16 32 40 65 71 55 4 63 12 70 61 16 66 12 28 29 33 77 52 27 31 43 73 42 56 73 20 83 61 20 25 13 20 56 24 79 29 49 46 44 26 34 87 57 54 48 12 34 61 82 78 60 25 85 8 73 47 76 1000000 18 69 56 58 56 56 85 52 29 55 40 18 14 34 66 53 75 46 32
74 83 69 124 30 26 60 43 24 25 7 79 34 78 56 39 62 73 45 76 43 56 88 35 60 68 62 92 44 79 48 93 19 90 20 66 5 23 96 22 7 72 45 50 61 80 57 54 23 75 94 70 110 9 107 36 70 72 20 63 66 6 16 50 25 86 40 68 62 81 7 44 50 28 45 50 77 86 71 15 80 7 87 74 10 82 29 41 43 37 93 69 18 34 53 80 59 64 86 34 99 69 11 30 30 25 74 33 95 33 62 61 62 38 19 105 65 72 67 28 51 76 99 96 77 29 102 23 81 64 93 18 1000000 81 73 70 73 74 102 70 38 71 47 25 22 51 79 67 92 59 45
100 84 91 68 59 67 42 60 82 90 84 77 62 16 47 62 61 50 37 99 93 82 22 71 37 29 55 110 85 31 42 80 95 112 85 38 85 75 65 61 75 18 83 95 64 81 27 39 62 78 68 14 49 82 46 48 75 91 62 29 15 79 69 62 82 39 48 51 68 89 73 43 36 54 37 32 4 23 82 73 38 76 31 8 71 87 68 41 40 48 32 34 96 51 29 27 66 24 7 49 41 20 88 51 68 56 73 86 33 52 20 26 45 43 99 63 23 63 61 57 44 94 46 77 38 53 42 61 21 72 84 69 81 1000000 78 103 45 70 43 52 90 25 37 56 81 44 4 18 87 92 86
26 10 18 71 48 49 36 33 53 57 69 7 41 63 34 36 18 30 59 23 42 21 66 38 42 91 24 32 34 101 45 21 71 34 58 40 78 51 36 73 68 60 32 38 17 7 57 43 55 2 31 79 68 66 65 75 4 15 61 87 72 67 59 26 51 48 81 28 14 12 70 48 50 60 58 71 76 63 6 59 44 67 56 72 72 10 45 57 55 77 61 44 73 77 70 98 16 84 77 54 61 84 70 70 43 69 6 47 63 75 64 54 34 59 83 48 83 16 17 53 40 17 56 27 43 72 63 56 95 10 21 56 73 78 1000000 32 34 9 62 26 45 53 76 67 53 40 74 62 19 27 35
8 35 14 103 56 53 61 46 47 47 64 38 50 90 56 46 43 59 76 11 28 22 95 41 66 110 49 24 27 121 64 49 61 21 51 67 74 50 67 80 67 86 27 21 40 35 78 65 60 33 62 101 99 62 97 86 33 17 67 105 94 64 61 42 45 78 93 56 37 27 70 65 70 70 75 88 100 92 26 58 74 66 86 96 74 31 49 73 72 88 92 71 62 87 88 120 38 103 104 67 92 105 63 80 47 77 37 37 93 86 87 78 59 73 72 80 103 46 45 61 60 16 87 56 72 81 94 62 117 33 46 58 70 103 32 1000000 64 41 94 56 33 80 92 75 48 60 99 86 43 13 26
59 39 51 51 43 49 13 33 61 69 73 32 40 29 17 37 22 5 39 57 62 45 31 46 16 64 16 66 53 71 27 35 80 68 66 11 78 56 26 64 66 27 51 62 25 36 30 22 50 34 27 48 40 69 36 58 32 49 55 60 42 68 58 30 61 15 63 8 28 45 67 31 29 49 38 48 43 28 39 60 10 67 22 40 67 43 47 39 37 60 28 12 81 61 45 68 27 56 43 42 30 55 75 56 46 58 29 61 30 60 36 25 11 42 89 32 55 19 19 46 23 52 28 34 9 59 32 51 64 31 40 56 73 45 34 64 1000000 26 32 8 62 20 55 56 61 23 41 31 42 55 54
35 14 27 64 46 48 29 31 55 60 70 8 40 54 27 35 13 21 54 32 48 27 57 39 34 84 17 40 39 94 40 19 74 42 60 32 78 52 29 71 67 51 36 45 13 11 50 37 53 9 24 71 59 67 56 71 8 24 59 80 65 67 58 24 53 38 77 19 12 20 69 43 44 57 53 65 67 54 15 59 35 67 47 64 71 17 45 52 50 72 52 36 75 73 64 91 14 77 69 51 52 77 71 66 43 66 4 50 54 72 57 47 26 54 85 41 76 7 10 51 34 27 47 23 34 69 54 54 87 11 20 56 74 70 9 41 26 1000000 53 18 50 45 71 64 55 34 65 54 21 34 40
88 63 80 26 73 79 43 65 93 100 102 57 71 30 48 68 53 35 61 85 95 77 21 77 42 70 48 90 86 73 54 52 111 93 98 37 107 87 32 88 95 34 83 94 56 61 48 48 79 61 37 54 8 99 5 79 61 77 82 69 51 98 87 62 92 17 81 40 59 71 95 58 52 75 60 64 43 20 68 90 23 96 16 42 94 67 78 63 60 79 11 33 112 82 61 69 58 64 36 68 2 61 105 79 77 82 57 93 10 82 48 42 42 66 119 24 63 48 50 74 51 79 7 48 25 82 1 79 63 61 57 85 102 43 62 94 32 53 1000000 39 94 33 71 81 93 51 40 41 61 86 87
51 31 42 56 41 45 14 29 56 63 69 25 36 37 15 32 14 4 41 49 56 37 40 40 18 69 9 58 46 77 28 30 75 60 62 15 75 52 26 63 64 34 44 54 17 29 34 23 48 26 25 54 46 66 43 60 24 40 53 65 48 65 55 24 55 23 65 2 20 37 65 32 31 49 40 51 50 36 31 56 19 64 30 46 66 35 43 41 38 61 36 18 76 62 49 74 19 61 51 41 38 61 71 56 42 57 21 55 38 61 41 30 11 43 85 35 60 11 11 44 22 43 34 30 17 59 40 49 70 23 34 52 70 52 26 56 8 18 39 1000000 56 27 57 56 56 22 48 37 36 47 47
38 53 34 111 32 26 53 31 15 14 32 52 28 81 47 29 42 60 56 40 5 24 88 19 56 89 47 56 11 100 49 66 28 54 18 60 41 19 78 50 35 75 13 12 40 51 63 52 33 47 74 83 102 29 99 60 43 38 38 83 78 32 31 32 13 77 66 55 39 49 39 48 54 44 55 67 87 85 41 28 72 34 82 82 43 51 23 52 52 62 89 64 30 60 68 100 38 83 93 44 92 86 30 53 23 49 48 5 91 58 71 65 53 51 40 89 83 51 47 36 48 41 90 71 70 54 95 35 99 39 65 29 38 90 45 33 62 50 94 56 1000000 70 68 47 16 48 87 73 63 23 10
76 59 67 58 43 50 19 40 65 73 72 52 43 11 24 42 37 25 28 75 72 59 18 51 14 44 30 85 64 51 23 56 81 87 69 13 75 59 44 55 64 7 61 73 40 56 15 19 48 53 46 28 41 69 37 46 50 66 51 41 23 67 56 40 65 20 49 26 43 65 63 26 20 43 27 33 23 16 57 59 17 64 17 19 62 62 50 30 28 47 23 9 82 49 29 48 41 37 25 36 30 35 75 46 50 49 48 67 25 49 17 10 20 33 88 45 36 38 36 43 23 69 32 54 15 49 32 48 43 47 60 55 71 25 53 80 20 45 33 27 70 1000000 39 48 65 23 21 11 62 69 65
91 85 83 97 36 42 43 46 56 63 52 79 42 41 44 45 58 58 17 92 72 70 52 51 39 21 54 106 67 33 31 87 64 106 57 44 51 49 81 26 42 37 66 77 60 82 25 34 35 77 81 24 79 50 75 12 73 84 31 16 23 47 40 52 57 59 11 55 63 88 40 28 27 24 18 7 34 51 78 44 55 44 55 32 37 87 45 19 21 11 60 44 64 14 10 33 60 17 44 25 69 22 56 17 46 22 74 63 62 15 23 30 46 18 65 84 18 66 61 32 37 88 71 88 53 18 70 33 34 67 90 40 47 37 76 92 55 71 71 57 68 39 1000000 23 55 37 37 30 92 79 68
76 76 69 105 20 22 43 34 34 40 29 71 27 55 40 31 51 58 21 77 52 55 65 34 41 44 49 93 49 56 29 83 41 92 34 47 29 28 81 7 19 49 48 58 51 73 34 34 15 68 81 45 89 27 86 13 63 71 9 39 41 24 17 41 35 66 19 53 53 77 17 25 29 7 22 25 53 64 67 21 61 21 65 49 15 77 26 18 21 15 71 49 41 13 28 56 51 40 62 14 78 45 33 6 27 2 66 42 73 11 38 39 45 15 43 88 41 61 55 14 34 75 79 84 58 7 81 13 57 57 85 18 25 56 67 75 56 64 81 56 47 48 23 1000000 33 34 55 43 85 62 49
52 62 46 112 22 15 50 28 1 9 17 60 21 74 44 24 45 60 45 54 21 34 83 16 52 76 47 70 22 88 41 74 19 68 5 56 26 6 81 35 19 68 23 28 43 60 54 46 20 55 78 73 100 14 97 45 50 50 24 70 68 16 16 33 3 76 52 55 43 60 23 39 46 30 45 54 78 80 51 12 70 18 79 74 27 61 15 41 42 47 85 60 20 45 56 87 41 70 85 33 90 74 17 39 15 35 55 11 87 44 62 57 50 39 30 91 71 55 50 24 42 54 89 78 67 39 92 21 87 45 74 14 22 81 53 48 61 55 93 56 16 65 55 33 1000000 42 78 65 72 37 22
58 48 50 73 22 28 9 17 43 50 51 42 21 33 7 19 22 24 20 58 50 39 41 29 10 51 17 71 41 62 6 51 60 71 47 15 56 36 48 41 44 28 39 51 24 45 18 5 28 41 47 40 59 48 56 38 36 50 32 47 34 47 36 19 42 35 43 20 27 52 45 10 10 27 18 31 40 38 42 38 29 45 37 36 45 50 28 19 16 39 43 18 61 40 30 60 24 44 46 20 49 45 54 34 27 35 37 44 45 39 26 18 12 21 68 55 44 29 24 24 0 53 48 52 26 37 51 29 57 32 54 34 51 44 40 60 23 34 51 22 48 23 37 34 42 1000000 40 26 55 49 42
96 79 87 65 56 64 38 57 79 87 82 73 59 12 43 58 57 46 34 95 89 78 19 68 33 31 51 106 81 34 38 76 93 107 82 34 83 72 61 60 73 14 79 91 60 77 24 35 60 74 64 15 46 79 43 48 71 86 60 31 14 77 67 59 79 35 47 46 64 85 72 40 33 52 35 31 4 20 78 71 34 74 27 5 69 83 65 38 37 47 29 30 93 50 28 30 61 25 7 46 38 22 86 50 64 55 69 83 30 51 17 22 41 41 97 59 24 59 57 55 40 90 43 73 34 52 39 59 25 68 80 66 79 4 74 99 41 65 40 48 87 21 37 55 78 40 1000000 14 83 88 82
83 68 74 67 42 50 26 43 65 73 69 62 45 12 30 44 45 36 22 82 75 65 23 54 20 33 38 94 67 40 24 66 80 95 69 22 71 59 55 49 60 7 65 77 47 65 10 22 46 62 57 17 49 66 46 38 59 74 47 30 12 64 54 45 65 31 40 35 51 74 60 26 19 39 22 23 14 22 66 57 28 61 26 10 58 71 51 25 24 39 30 19 80 41 19 37 49 25 21 33 39 24 73 40 51 44 58 69 32 41 6 9 28 28 85 56 25 48 45 41 26 77 42 65 26 42 41 46 33 55 70 53 67 18 62 86 31 54 41 37 73 11 30 43 65 26 14 1000000 73 74 68
35 10 32 63 66 68 49 52 72 76 89 14 60 71 48 55 34 37 75 32 60 40 71 57 54 104 38 30 53 113 60 9 90 34 77 51 97 70 30 92 87 69 51 55 34 12 70 57 73 17 24 90 65 85 63 92 22 27 80 100 84 86 78 44 70 51 97 38 32 16 89 64 65 78 73 86 85 68 22 78 49 86 60 82 91 13 64 73 71 93 64 54 92 94 84 110 34 96 85 72 60 96 89 87 62 87 19 65 65 93 76 66 46 75 102 41 96 26 31 71 55 27 54 15 49 90 62 75 106 28 4 75 92 87 19 43 42 21 61 36 63 62 92 85 72 55 83 73 1000000 43 53
15 33 11 98 43 40 50 33 36 37 54 34 37 79 45 34 33 51 64 17 19 10 85 29 55 98 39 33 15 109 52 47 52 31 41 56 63 38 62 67 55 75 15 13 30 32 66 53 48 28 58 89 92 51 89 73 26 16 54 92 82 53 48 30 34 70 80 47 27 27 58 53 58 57 62 76 89 82 22 47 65 55 77 85 62 30 36 60 59 76 83 61 53 75 76 107 28 91 93 54 84 93 53 67 35 65 31 27 84 73 75 66 48 60 64 74 91 38 36 49 49 18 80 53 63 69 86 50 105 24 45 46 59 92 27 13 55 34 86 47 23 69 79 62 37 49 88 74 43 1000000 15
29 43 25 102 32 27 47 25 21 23 39 42 26 75 41 24 34 51 54 32 8 14 82 17 51 88 38 48 1 99 45 56 38 46 26 53 48 23 68 54 41 70 4 9 31 41 59 47 35 37 64 81 94 36 90 61 33 29 41 82 75 38 34 25 20 70 68 47 29 39 44 44 50 45 53 66 83 79 31 32 65 40 75 78 48 41 23 50 50 63 82 58 39 62 66 98 29 81 88 43 85 84 38 55 22 52 38 13 84 60 67 60 46 50 50 79 82 42 38 36 42 32 81 61 62 56 87 37 97 29 55 32 45 86 35 26 54 40 87 47 10 65 68 49 22 42 82 68 53 15 1000000
