150 15 106 220 9
7 10 6 10 7 11 14 8 9 9 8 14 12 17 8 
6 10 6 10 5 4 10 7 8 3 3 10 9 9 6 
30 29 23 21 21 20 20 18 17 17 16 14 13 11 6 
1000000 60 76 55 71 52 60 37 61 52 43 76 40 60 73 65 29 64 45 68 35 77 8 29 75 63 74 18 83 34 69 39 47 58 42 50 4 75 13 49 48 69 72 45 54 25 17 25 57 54 56 64 8 8 80 32 63 63 52 79 26 13 29 9 80 81 94 42 56 34 25 27 27 73 58 50 62 10 59 41 52 26 57 68 65 34 28 67 52 60 19 6 54 63 77 87 71 34 22 48 46 81 84 65 34 23 50 31 8 34 68 34 40 65 96 59 69 30 19 21 68 59 63 53 51 52 53 50 15 33 54 51 32 57 48 67 70 48 77 24 2 35 95 53 32 56 32 72 38 78 30
60 1000000 98 67 41 80 93 81 35 13 18 87 33 75 100 96 88 25 63 26 32 110 53 40 55 13 93 57 75 27 65 26 19 17 19 37 57 109 73 83 52 85 102 91 78 81 78 36 6 58 87 102 66 54 84 43 107 30 12 78 85 50 89 64 89 76 82 99 96 44 70 87 86 60 10 33 31 64 100 37 101 83 51 107 104 49 44 92 42 99 74 64 9 41 66 125 74 92 54 29 25 112 65 54 94 56 42 55 58 94 51 86 62 95 83 25 98 80 76 40 75 64 109 8 14 14 20 49 73 93 10 14 92 93 74 93 109 99 110 81 61 93 78 90 90 88 92 52 90 73 36
76 98 1000000 31 69 24 20 42 67 86 93 17 66 23 7 16 70 79 37 82 70 19 74 95 58 89 5 60 43 83 39 96 80 108 90 61 75 19 71 27 46 13 13 41 23 94 75 83 100 40 20 25 70 72 26 60 36 74 100 33 89 83 75 68 19 38 50 64 30 57 51 86 88 50 89 65 72 86 31 62 45 65 49 27 27 53 61 10 56 28 92 81 98 63 46 35 30 94 58 69 103 18 56 50 90 56 56 50 69 89 56 53 40 15 51 76 11 53 89 77 27 35 41 93 100 101 107 49 86 76 100 84 85 25 29 10 27 51 18 63 74 96 55 28 66 22 80 58 54 39 93
55 67 31 1000000 42 18 30 34 37 55 63 23 35 8 33 32 61 49 10 53 40 44 50 68 34 58 26 37 31 54 18 67 49 78 59 30 53 44 55 24 15 19 36 41 14 78 60 55 69 10 24 40 51 49 25 30 49 44 69 24 75 58 66 49 26 27 42 62 38 28 35 73 75 27 58 34 42 65 42 31 50 54 19 45 42 25 33 26 26 39 73 61 67 34 28 60 17 81 33 38 74 46 38 23 79 32 25 24 47 79 29 47 15 30 44 46 32 43 72 50 13 7 53 62 70 70 77 18 68 68 69 53 74 33 15 26 46 53 44 52 53 83 44 32 59 26 71 33 50 25 66
71 41 69 42 1000000 60 72 71 11 33 49 55 31 49 74 74 91 16 44 16 37 86 64 67 15 28 64 57 36 48 31 57 33 57 47 22 68 85 79 65 32 56 77 80 56 96 85 55 46 33 66 82 72 64 49 40 91 12 50 42 97 67 94 70 56 38 41 96 79 38 65 97 97 22 32 21 11 80 83 30 90 84 23 87 84 41 44 67 21 81 90 77 46 10 27 102 40 105 53 25 61 87 24 20 104 54 23 47 65 104 14 81 47 72 42 18 74 76 91 54 43 36 94 40 52 52 59 28 87 97 49 32 100 74 55 68 88 91 85 82 71 106 37 73 91 68 98 13 85 35 63
52 80 24 18 60 1000000 13 20 54 67 72 27 47 15 22 16 49 65 17 69 50 30 50 72 53 73 22 36 46 62 35 74 62 88 69 45 51 29 47 6 30 19 22 24 5 71 52 61 81 27 6 23 46 49 34 38 31 60 80 38 66 59 54 44 31 42 57 46 19 37 27 63 66 45 72 49 59 62 23 43 32 43 37 28 25 32 39 15 42 21 68 57 79 51 45 45 31 72 34 52 81 33 55 42 69 32 41 28 45 68 48 33 18 15 59 61 19 31 66 54 26 26 34 74 80 81 86 34 63 56 80 66 63 14 6 15 29 36 30 41 50 74 60 13 46 8 59 52 35 41 71
60 93 20 30 72 13 1000000 23 67 80 84 31 59 24 14 5 50 78 30 82 62 18 59 83 64 86 22 45 54 73 46 86 74 100 81 58 59 17 53 11 43 23 12 21 16 75 56 72 93 40 6 10 52 57 40 51 20 73 92 45 70 68 56 51 35 50 64 44 10 49 34 66 69 56 85 62 72 69 13 56 26 45 49 15 12 44 51 12 54 10 74 64 91 64 55 32 39 74 45 64 93 22 65 53 70 42 54 39 53 70 59 34 31 6 66 74 10 34 71 65 35 37 24 86 92 93 98 46 68 56 93 79 65 5 19 11 16 31 18 44 58 77 68 8 46 5 60 63 34 49 81
37 81 42 34 71 20 23 1000000 63 69 69 47 49 34 37 28 29 71 28 76 49 39 38 63 67 77 42 26 65 57 52 68 63 85 66 51 38 38 30 15 39 39 35 11 24 52 33 53 80 40 22 27 30 37 54 38 27 68 77 57 47 47 34 29 51 61 76 27 19 38 13 44 46 61 74 55 67 46 22 46 20 23 48 31 28 32 36 32 50 22 51 41 77 61 62 50 50 52 27 56 76 44 72 55 49 25 49 27 32 48 61 13 24 29 77 67 33 11 48 47 45 41 28 74 77 78 82 43 45 36 78 68 43 20 20 32 33 20 40 22 35 54 78 16 26 20 39 65 15 59 62
61 35 67 37 11 54 67 63 1000000 25 40 54 20 45 70 69 81 12 37 15 27 82 53 56 21 23 62 47 40 37 31 47 23 50 37 12 57 81 68 59 24 54 73 72 51 85 74 45 39 28 60 77 62 53 50 29 84 6 42 44 86 56 84 59 56 41 48 87 73 28 56 86 87 25 25 10 5 69 77 19 82 74 19 82 79 32 33 63 13 75 79 66 39 6 31 98 40 94 43 14 52 83 31 19 93 44 14 37 55 93 16 72 39 68 49 10 70 67 80 43 42 32 87 33 44 44 51 21 76 87 41 24 90 68 49 64 83 83 81 72 60 95 45 66 81 62 88 18 76 38 52
52 13 86 55 33 67 80 69 25 1000000 16 75 21 63 87 84 78 18 50 21 20 97 44 36 46 11 81 45 65 19 54 25 6 25 15 25 48 96 63 70 40 73 89 79 65 74 68 28 15 46 74 89 56 45 73 31 94 21 17 67 77 43 80 54 77 65 73 88 83 31 58 78 78 49 6 21 22 57 87 24 89 72 39 94 91 37 32 79 30 86 67 56 14 31 56 112 62 85 42 17 28 100 56 43 86 44 30 42 49 86 41 75 49 82 74 16 86 69 69 31 63 52 96 8 19 19 26 37 66 83 16 2 83 80 61 80 96 87 97 70 52 85 70 77 80 75 83 43 79 62 32
43 18 93 63 49 72 84 69 40 16 1000000 85 28 71 93 88 72 34 56 37 23 102 37 22 60 26 89 43 78 11 66 9 17 16 3 36 40 101 56 73 48 81 94 79 71 62 61 18 14 56 78 92 49 38 84 34 96 37 9 79 67 32 72 48 87 78 87 84 85 36 57 69 68 63 20 33 38 46 89 32 88 67 51 97 94 41 33 85 42 89 55 46 11 45 69 116 73 74 41 28 12 105 71 56 76 44 41 45 43 77 55 72 54 87 88 31 91 66 58 23 73 61 97 12 9 9 14 46 55 76 11 17 75 83 66 86 99 85 102 65 44 75 84 80 75 79 75 58 76 74 18
76 87 17 23 55 27 31 47 54 75 85 1000000 57 16 23 29 77 66 32 69 62 36 72 91 42 77 12 58 26 76 24 89 70 99 81 50 74 36 74 33 37 8 28 50 24 97 78 78 90 29 28 39 71 71 9 53 50 61 91 16 93 81 82 69 4 22 34 73 41 51 53 90 93 34 78 54 59 86 44 53 56 70 36 42 41 47 56 20 45 40 93 82 88 49 30 51 15 99 55 59 96 35 40 35 96 54 45 47 68 95 41 60 37 27 35 64 26 58 92 72 12 24 54 83 92 92 98 39 88 83 91 74 90 35 29 21 42 61 35 69 74 101 39 37 73 30 87 43 62 22 88
40 33 66 35 31 47 59 49 20 21 28 57 1000000 43 67 63 62 24 30 29 7 76 32 38 37 28 61 28 52 21 39 33 15 43 25 11 37 75 49 49 20 54 69 59 45 65 55 26 34 28 53 69 42 33 56 11 74 23 34 52 66 36 65 40 60 51 62 71 63 11 40 66 67 38 26 10 22 48 67 4 69 56 24 74 70 16 14 59 15 66 58 46 32 23 43 91 46 74 25 8 39 79 47 30 74 26 14 22 35 74 31 56 29 62 63 20 65 51 59 23 45 33 76 27 35 35 42 18 56 68 34 19 70 60 41 60 75 68 76 54 40 75 60 57 63 54 69 35 60 48 35
60 75 23 8 49 15 24 34 45 63 71 16 43 1000000 25 25 62 57 16 60 48 37 56 75 39 67 18 42 31 62 21 74 58 86 67 38 58 36 58 21 23 11 29 39 10 81 63 63 77 17 19 35 55 55 21 38 44 51 77 23 78 65 67 53 20 27 42 61 33 36 38 75 77 32 66 42 50 70 37 39 47 56 26 39 37 32 40 18 34 34 77 65 75 41 30 53 16 84 39 46 81 38 41 29 81 38 34 31 52 81 35 47 21 24 44 54 25 44 76 57 11 13 48 70 78 79 85 26 72 69 77 61 76 28 15 19 40 51 36 54 58 86 45 28 60 21 72 39 49 26 73
73 100 7 33 74 22 14 37 70 87 93 23 67 25 1000000 10 65 82 37 86 70 13 71 94 63 91 12 57 49 83 44 96 82 109 90 63 72 12 67 24 48 18 5 35 22 90 70 82 101 43 17 18 66 70 32 60 29 77 101 39 84 81 70 65 26 45 57 57 23 58 48 81 83 55 91 67 75 82 24 63 38 59 52 20 20 53 61 8 59 21 88 78 99 66 52 29 36 89 56 71 103 13 62 54 85 54 59 49 66 84 60 48 40 9 58 79 4 48 85 76 32 38 33 94 101 102 107 51 82 71 101 86 79 19 28 7 19 44 12 59 71 91 62 22 61 18 75 63 48 45 92
65 96 16 32 74 16 5 28 69 84 88 29 63 25 10 1000000 55 80 34 85 66 14 64 87 65 89 19 50 54 78 46 90 78 104 85 61 64 12 58 16 46 22 7 25 19 80 61 76 97 42 10 10 57 62 38 55 21 76 96 44 74 73 60 56 32 49 63 48 13 53 39 71 74 57 88 65 74 74 15 59 29 50 51 14 12 48 55 9 57 12 79 69 95 66 55 29 39 79 49 68 97 17 66 55 75 47 57 44 58 74 61 38 35 2 64 77 5 39 76 69 35 38 25 90 96 97 102 49 73 61 97 82 69 9 22 9 14 34 14 49 63 81 67 13 51 9 65 64 38 49 86
29 88 70 61 91 49 50 29 81 78 72 77 62 62 65 55 1000000 87 53 92 59 64 35 57 90 89 70 34 92 61 78 68 73 87 70 69 32 62 16 44 62 69 62 30 53 28 12 54 85 65 50 50 22 34 83 52 45 85 81 85 21 41 5 24 81 88 103 15 43 53 26 17 20 86 84 71 84 31 44 62 32 7 71 53 50 50 48 61 70 46 30 29 82 81 88 69 77 24 38 70 74 69 97 79 20 37 68 44 30 19 83 17 47 56 105 82 60 18 26 49 73 67 43 81 80 80 82 64 25 7 82 78 14 46 48 61 55 25 65 9 28 26 105 43 5 48 10 88 18 86 59
64 25 79 49 16 65 78 71 12 18 34 66 24 57 82 80 87 1000000 48 5 29 93 56 54 30 12 74 53 51 35 42 43 19 41 32 20 60 92 73 69 35 66 85 81 62 87 79 44 30 39 71 88 66 56 62 35 94 5 34 55 89 57 89 64 67 52 57 95 83 35 64 90 90 35 16 17 7 71 87 26 91 80 30 92 89 39 38 74 23 85 81 68 30 17 42 109 52 97 49 17 46 95 40 31 97 50 24 45 59 98 27 80 49 79 58 5 81 74 82 44 53 44 97 25 36 36 43 31 78 92 33 17 94 79 59 75 94 91 93 78 63 98 53 77 88 73 93 28 84 49 49
45 63 37 10 44 17 30 28 37 50 56 32 30 16 37 34 53 48 1000000 52 33 47 41 60 39 56 33 27 40 47 26 59 45 72 53 28 43 46 46 21 13 26 39 36 15 68 51 47 64 13 24 40 41 40 34 23 47 43 63 34 65 49 57 39 35 36 51 55 35 21 27 64 65 33 54 32 42 55 40 26 46 46 21 45 42 16 25 29 25 38 64 51 62 35 35 62 26 72 24 34 66 50 45 28 70 23 24 15 37 70 33 40 6 32 53 44 35 35 62 41 23 14 50 57 64 64 70 16 59 59 64 49 65 31 12 30 46 47 47 44 44 74 52 29 51 26 62 37 43 34 57
68 26 82 53 16 69 82 76 15 21 37 69 29 60 86 85 92 5 52 1000000 33 97 60 57 31 13 77 58 52 39 45 46 23 42 36 25 65 96 78 73 39 69 89 86 66 92 84 48 31 43 75 92 71 61 64 40 99 9 36 57 94 61 94 69 70 54 57 100 87 40 69 95 95 37 18 22 10 75 92 31 96 85 34 97 94 44 43 78 28 90 85 73 32 20 43 113 55 102 54 22 48 99 40 34 102 55 28 50 64 102 29 85 53 83 59 10 85 80 87 48 57 47 102 27 38 38 45 36 83 97 34 20 99 83 64 79 98 96 97 83 68 103 53 81 93 77 98 29 89 51 53
35 32 70 40 37 50 62 49 27 20 23 62 7 48 70 66 59 29 33 33 1000000 79 27 32 44 30 66 26 59 14 45 27 14 39 19 17 32 78 45 51 26 58 72 59 48 59 50 19 32 33 56 71 38 28 62 11 75 28 30 58 61 29 61 36 65 58 69 68 64 13 38 62 62 45 26 16 28 42 68 11 69 53 30 76 72 18 12 63 22 67 53 40 29 30 50 94 52 69 23 13 34 83 54 37 69 24 20 23 30 69 38 55 31 65 70 24 68 49 54 16 51 39 77 25 31 31 37 25 50 65 31 19 66 62 44 63 77 67 79 51 35 70 67 58 61 57 65 42 59 54 28
77 110 19 44 86 30 18 39 82 97 102 36 76 37 13 14 64 93 47 97 79 1000000 76 100 75 102 24 63 62 91 56 103 91 118 98 74 77 2 69 29 58 30 8 34 32 91 71 89 111 54 23 14 69 75 45 68 22 88 110 52 84 86 69 68 38 57 69 54 22 67 51 80 83 67 101 78 87 85 20 73 34 60 63 12 14 61 69 19 70 18 89 81 108 78 64 16 48 88 62 81 111 5 75 66 83 60 69 57 70 83 72 48 48 14 71 90 12 49 86 83 44 50 26 104 110 110 116 62 84 69 110 96 78 20 36 18 10 40 1 59 75 90 74 24 59 23 73 75 46 57 99
8 53 74 50 64 50 59 38 53 44 37 72 32 56 71 64 35 56 41 60 27 76 1000000 25 68 55 71 14 77 26 62 33 39 52 34 42 4 75 20 48 42 66 71 47 51 32 24 18 50 48 55 64 13 1 75 25 65 55 45 73 34 10 36 12 76 75 88 48 56 27 25 35 35 66 50 42 54 16 60 34 55 31 50 69 65 27 21 64 45 60 26 13 47 55 70 88 66 42 17 40 40 81 77 58 42 18 43 26 7 42 61 37 35 63 90 51 68 32 27 14 63 53 65 46 45 45 47 43 23 40 47 44 39 56 45 65 71 51 77 29 8 43 88 52 38 54 39 65 41 72 25
29 40 95 68 67 72 83 63 56 36 22 91 38 75 94 87 57 54 60 57 32 100 25 1000000 75 47 92 37 90 19 76 14 35 32 22 49 27 99 42 72 56 86 94 72 72 43 45 13 35 64 78 89 37 27 92 38 90 55 29 89 48 16 57 36 94 89 100 71 81 40 50 51 49 76 41 47 56 28 85 42 80 54 62 94 90 44 35 87 54 85 36 29 31 60 82 112 82 55 38 42 18 104 86 69 57 40 52 45 32 58 69 62 55 87 102 50 91 57 39 19 81 69 90 34 27 27 26 55 37 60 31 37 57 81 67 87 96 76 101 53 30 55 99 77 61 78 58 73 66 85 4
75 55 58 34 15 53 64 67 21 46 60 42 37 39 63 65 90 30 39 31 44 75 68 75 1000000 42 52 59 22 57 19 68 43 70 57 27 72 75 80 58 29 45 67 75 48 100 86 63 59 26 58 74 74 68 36 43 83 25 63 28 99 73 94 72 42 24 27 93 72 41 64 98 99 8 45 28 24 84 76 35 84 83 19 78 76 42 47 56 23 73 94 81 59 15 13 91 28 107 54 33 72 76 11 12 106 55 25 46 68 105 7 78 44 63 29 30 64 74 94 60 31 27 87 53 64 65 72 26 90 97 62 44 101 67 49 57 79 86 75 81 74 108 24 66 89 60 99 3 82 21 72
63 13 89 58 28 73 86 77 23 11 26 77 28 67 91 89 89 12 56 13 30 102 55 47 42 1000000 84 55 63 31 54 35 16 30 25 29 59 101 74 76 44 76 94 87 70 85 79 40 19 49 80 96 67 56 73 39 102 18 24 67 88 54 90 65 79 64 69 98 90 39 68 90 89 48 6 24 19 68 94 31 97 83 41 101 97 44 41 84 33 93 78 67 20 29 54 118 63 96 52 22 36 104 52 43 97 54 33 50 59 97 39 84 56 88 71 13 91 78 80 42 65 54 104 15 25 26 33 40 77 94 22 11 94 87 67 85 102 96 102 81 63 97 65 84 90 81 94 40 88 61 43
74 93 5 26 64 22 22 42 62 81 89 12 61 18 12 19 70 74 33 77 66 24 71 92 52 84 1000000 57 38 79 34 92 76 104 85 56 73 24 70 27 41 8 17 42 21 93 74 80 95 35 20 28 68 70 21 56 39 68 95 28 88 80 76 66 14 33 46 65 31 54 50 85 88 44 84 60 67 84 34 57 47 64 44 31 30 49 58 10 51 30 90 79 93 57 41 40 25 94 55 64 99 24 51 44 90 53 51 47 67 90 50 54 37 17 47 71 15 53 88 74 21 30 44 88 96 97 103 44 85 77 96 79 85 26 26 11 31 52 23 63 72 96 50 29 67 22 81 53 54 33 90
18 57 60 37 57 36 45 26 47 45 43 58 28 42 57 50 34 53 27 58 26 63 14 37 59 55 57 1000000 65 32 51 42 39 59 40 35 16 62 22 34 31 52 57 36 37 42 27 27 55 36 41 52 16 13 62 18 53 51 52 61 40 23 37 13 62 63 77 43 44 19 14 40 41 56 51 37 50 28 48 28 45 28 40 56 53 17 14 50 37 48 37 24 52 48 59 75 53 48 4 36 50 67 67 48 47 4 35 13 10 47 52 30 22 50 78 48 54 24 36 21 50 40 54 49 52 52 56 33 32 40 53 45 43 43 31 51 58 43 64 26 17 50 77 39 35 41 41 56 34 60 36
83 75 43 31 36 46 54 65 40 65 78 26 52 31 49 54 92 51 40 52 59 62 77 90 22 63 38 65 1000000 72 15 85 62 90 75 42 81 62 85 53 35 32 54 70 42 107 91 77 79 29 49 64 80 77 17 53 74 45 82 10 105 84 97 78 25 5 11 92 64 51 66 103 105 15 65 45 44 93 67 48 78 85 29 67 66 50 57 44 37 64 102 89 79 34 9 77 15 112 61 50 90 61 15 22 110 61 38 52 76 109 24 78 45 52 13 50 51 74 101 73 20 25 78 72 83 84 90 35 98 99 81 63 105 58 45 45 67 82 61 83 82 114 14 59 90 52 101 23 80 6 87
34 27 83 54 48 62 73 57 37 19 11 76 21 62 83 78 61 35 47 39 14 91 26 19 57 31 79 32 72 1000000 59 13 16 28 9 30 30 90 46 63 40 72 84 68 61 55 51 9 24 48 68 81 39 27 76 24 84 36 20 72 58 23 62 37 79 72 82 73 74 26 46 60 59 58 25 28 37 38 78 25 77 56 44 86 83 30 23 75 36 78 48 37 21 42 64 105 66 66 30 24 20 95 67 51 67 32 34 34 32 67 50 61 43 77 84 31 81 55 50 13 65 53 86 20 20 20 24 39 47 66 22 19 65 73 56 76 88 74 91 54 34 66 80 69 64 69 65 54 65 68 15
69 65 39 18 31 35 46 52 31 54 66 24 39 21 44 46 78 42 26 45 45 56 62 76 19 54 34 51 15 59 1000000 72 50 79 62 29 66 56 71 41 21 26 48 59 31 92 76 63 68 14 40 56 66 62 19 39 65 37 70 13 90 69 83 63 25 13 26 79 54 36 52 89 90 11 55 33 36 78 58 35 67 71 15 60 58 35 43 38 24 55 87 74 67 25 10 73 10 97 47 38 77 57 20 11 95 46 25 38 61 95 17 65 31 44 28 41 45 61 87 58 13 11 69 62 71 72 79 21 83 85 70 52 91 49 33 39 60 70 56 69 67 99 27 48 76 42 87 19 67 9 73
39 26 96 67 57 74 86 68 47 25 9 89 33 74 96 90 68 43 59 46 27 103 33 14 68 35 92 42 85 13 72 1000000 25 19 11 43 36 102 52 75 53 85 96 78 73 56 56 15 21 60 80 93 46 34 89 37 95 45 15 85 61 27 68 45 92 84 94 81 86 39 56 63 62 70 29 40 46 40 90 37 87 64 57 98 94 43 35 88 48 89 49 41 18 52 76 117 79 68 41 35 7 107 78 63 70 44 47 46 40 71 62 70 56 89 95 40 93 65 52 22 78 66 96 21 14 14 14 51 49 71 17 26 69 85 68 89 100 84 104 62 40 68 92 81 71 81 70 65 74 81 10
47 19 80 49 33 62 74 63 23 6 17 70 15 58 82 78 73 19 45 23 14 91 39 35 43 16 76 39 62 16 50 25 1000000 29 14 21 43 90 58 64 34 68 83 73 59 70 63 25 20 41 68 83 51 40 68 25 88 21 20 63 72 38 74 49 73 62 70 82 77 25 52 73 73 47 12 17 21 53 81 19 83 67 35 88 85 31 26 74 26 80 63 51 18 28 53 106 58 80 37 12 29 94 54 40 81 38 25 36 43 81 38 69 43 77 72 16 80 63 65 26 58 47 90 12 22 22 29 32 61 78 20 5 78 74 56 74 90 81 91 65 47 81 67 71 74 69 78 41 73 58 30
58 17 108 78 57 88 100 85 50 25 16 99 43 86 109 104 87 41 72 42 39 118 52 32 70 30 104 59 90 28 79 19 29 1000000 19 49 55 117 71 89 63 96 110 95 87 74 75 33 11 70 94 109 65 53 97 50 112 46 8 92 79 46 87 63 102 90 97 99 102 51 73 82 81 74 25 46 47 59 106 47 104 82 64 113 110 56 49 101 55 105 67 60 11 55 80 132 87 87 58 41 14 121 81 68 89 60 54 61 58 89 66 88 70 103 99 40 107 82 71 39 87 75 113 17 8 7 6 60 68 90 9 26 88 100 82 102 115 102 118 81 59 87 94 96 90 95 89 68 92 87 29
42 19 90 59 47 69 81 66 37 15 3 81 25 67 90 85 70 32 53 36 19 98 34 22 57 25 85 40 75 9 62 11 14 19 1000000 33 38 97 54 70 45 78 91 76 67 62 59 17 16 52 75 89 47 36 80 30 93 35 12 76 65 31 70 46 84 75 84 81 82 32 54 68 67 60 19 30 35 45 86 29 85 65 47 94 91 37 30 82 39 86 54 45 12 42 66 112 70 73 38 25 15 102 68 53 75 41 37 41 40 75 52 69 50 84 85 29 88 64 57 21 70 58 94 12 12 12 17 43 54 74 13 15 73 80 63 83 96 83 99 63 42 74 81 77 72 76 73 55 74 71 18
50 37 61 30 22 45 58 51 12 25 36 50 11 38 63 61 69 20 28 25 17 74 42 49 27 29 56 35 42 30 29 43 21 49 33 1000000 46 73 57 49 15 48 66 61 42 74 62 36 40 21 51 68 50 42 48 18 74 17 41 43 74 46 72 48 52 42 51 75 62 16 44 75 75 28 28 4 16 58 67 8 71 62 14 72 69 20 22 55 6 65 68 55 38 13 33 89 37 82 31 9 48 76 37 20 82 32 5 26 43 82 20 61 29 59 53 16 62 55 69 33 38 26 77 33 42 43 49 12 65 75 41 24 78 59 39 56 74 71 74 60 49 84 50 56 69 53 76 24 65 38 45
4 57 75 53 68 51 59 38 57 48 40 74 37 58 72 64 32 60 43 65 32 77 4 27 72 59 73 16 81 30 66 36 43 55 38 46 1000000 75 16 49 46 68 71 46 53 28 21 22 54 52 56 65 10 4 78 29 64 59 49 77 29 10 32 10 78 78 92 45 56 31 25 30 30 70 54 47 59 12 59 38 54 28 54 69 65 31 25 66 49 60 22 9 50 59 74 87 69 37 20 44 43 81 81 62 38 21 47 29 7 38 65 36 38 64 94 55 69 31 23 18 66 56 64 50 48 48 50 47 19 36 51 48 35 57 46 66 71 50 77 26 4 38 92 53 35 55 35 69 40 75 27
75 109 19 44 85 29 17 38 81 96 101 36 75 36 12 12 62 92 46 96 78 2 75 99 75 101 24 62 62 90 56 102 90 117 97 73 75 1000000 67 28 58 30 8 33 31 89 70 88 110 53 22 12 68 74 45 67 20 87 108 52 83 85 67 67 38 57 70 52 20 65 50 79 82 67 100 77 86 84 19 72 32 58 63 10 12 60 67 18 69 17 88 79 107 77 64 17 48 86 61 80 110 7 74 65 82 59 69 56 69 81 71 46 47 14 71 89 11 48 85 81 44 50 24 103 109 109 114 61 82 67 109 95 76 18 35 18 9 39 3 58 73 89 74 23 58 22 72 75 45 57 98
13 73 71 55 79 47 53 30 68 63 56 74 49 58 67 58 16 73 46 78 45 69 20 42 80 74 70 22 85 46 71 52 58 71 54 57 16 67 1000000 43 52 66 65 35 50 23 6 38 70 57 50 55 7 19 79 39 53 71 65 79 20 26 17 9 78 82 96 29 47 40 20 18 20 76 69 58 71 18 49 49 41 12 61 59 56 38 35 61 58 51 21 14 66 69 80 77 72 27 26 56 59 73 88 69 26 25 56 34 15 25 73 23 40 58 98 68 63 19 18 33 68 60 52 65 65 65 66 54 16 20 67 63 21 49 44 61 61 36 69 11 12 29 97 45 19 49 20 78 26 79 43
49 83 27 24 65 6 11 15 59 70 73 33 49 21 24 16 44 69 21 73 51 29 48 72 58 76 27 34 53 63 41 75 64 89 70 49 49 28 43 1000000 34 25 23 18 11 67 47 61 83 33 7 19 43 47 40 40 26 65 81 44 62 58 49 41 37 48 63 40 14 39 24 59 61 51 75 53 63 59 18 46 26 38 42 24 21 33 40 18 46 17 64 54 80 56 51 42 37 67 34 55 82 33 61 47 64 32 45 29 42 63 53 27 21 16 65 65 20 26 62 54 32 31 29 76 82 82 87 38 59 50 82 69 58 10 10 18 26 29 29 36 47 69 66 8 40 6 54 57 29 47 70
48 52 46 15 32 30 43 39 24 40 48 37 20 23 48 46 62 35 13 39 26 58 42 56 29 44 41 31 35 40 21 53 34 63 45 15 46 58 52 34 1000000 33 50 48 27 73 57 43 54 8 36 53 46 41 36 18 60 30 54 33 71 49 65 44 39 33 46 65 48 16 35 70 71 25 43 20 29 58 52 16 58 54 10 58 55 15 22 40 12 51 67 54 52 22 28 74 26 79 27 23 59 61 36 18 77 27 11 18 41 77 22 50 16 44 48 31 47 46 67 38 25 13 63 47 55 56 62 4 63 68 54 38 73 44 25 41 59 59 58 52 47 80 46 42 61 38 70 27 54 30 53
69 85 13 19 56 19 23 39 54 73 81 8 54 11 18 22 69 66 26 69 58 30 66 86 45 76 8 52 32 72 26 85 68 96 78 48 68 30 66 25 33 1000000 23 42 16 89 71 73 88 27 20 32 64 65 16 49 43 60 88 22 85 75 74 62 12 27 41 65 33 46 46 83 85 37 76 52 59 79 36 49 48 62 35 35 34 42 51 13 43 33 86 75 86 49 34 47 18 91 49 56 92 31 44 36 88 48 43 41 61 87 42 52 31 20 42 63 20 50 84 67 14 22 47 80 89 89 95 36 81 75 88 71 82 28 22 14 36 53 30 61 67 93 45 29 65 22 79 45 54 27 83
72 102 13 36 77 22 12 35 73 89 94 28 69 29 5 7 62 85 39 89 72 8 71 94 67 94 17 57 54 84 48 96 83 110 91 66 71 8 65 23 50 23 1000000 32 24 87 68 83 103 46 16 13 64 69 37 61 24 80 102 44 81 80 67 63 31 50 62 53 19 59 46 78 80 59 93 70 78 81 20 65 34 57 55 14 14 54 61 11 62 17 86 76 101 70 56 25 40 85 56 73 104 11 67 58 81 54 61 50 65 81 64 45 41 7 64 82 4 46 83 76 36 42 28 96 103 103 108 54 80 67 102 88 76 16 28 10 14 40 8 56 70 88 67 20 57 16 71 67 44 50 93
45 91 41 41 80 24 21 11 72 79 79 50 59 39 35 25 30 81 36 86 59 34 47 72 75 87 42 36 70 68 59 78 73 95 76 61 46 33 35 18 48 42 32 1000000 29 57 37 63 90 49 23 20 37 46 58 48 18 78 88 62 50 56 35 37 54 66 81 23 13 48 22 46 49 68 84 65 77 53 14 57 10 26 57 24 21 43 47 32 60 16 56 49 87 71 69 42 55 54 38 66 86 39 79 63 50 36 58 37 40 49 69 14 33 27 83 77 31 16 52 57 50 48 18 84 88 88 92 52 50 36 89 78 44 17 26 32 26 11 35 25 43 56 84 14 25 20 40 73 13 65 72
54 78 23 14 56 5 16 24 51 65 71 24 45 10 22 19 53 62 15 66 48 32 51 72 48 70 21 37 42 61 31 73 59 87 67 42 53 31 50 11 27 16 24 29 1000000 74 55 60 79 23 10 26 48 50 30 37 35 57 78 33 69 60 58 46 28 37 52 51 24 35 30 67 69 41 69 46 55 63 28 41 37 46 33 31 28 30 38 15 38 25 70 59 77 47 40 47 26 75 35 49 81 35 51 37 72 33 38 27 46 72 43 37 17 18 54 58 21 35 68 54 22 21 39 72 79 79 85 30 65 60 79 64 67 19 6 15 32 40 32 45 52 77 55 18 50 12 63 47 39 36 70
25 81 94 78 96 71 75 52 85 74 62 97 65 81 90 80 28 87 68 92 59 91 32 43 100 85 93 42 107 55 92 56 70 74 62 74 28 89 23 67 73 89 87 57 74 1000000 20 46 76 78 74 77 27 32 102 57 73 87 70 102 8 31 24 29 101 104 118 43 69 59 44 13 10 97 80 75 87 17 71 66 60 31 81 80 77 58 53 84 77 73 7 19 73 87 101 97 94 13 46 72 61 96 108 90 17 46 75 55 32 17 93 43 62 81 120 83 85 42 6 44 91 82 71 74 69 69 69 74 10 26 73 74 19 72 68 84 82 54 92 32 26 13 119 68 34 72 22 97 45 101 46
17 78 75 60 85 52 56 33 74 68 61 78 55 63 70 61 12 79 51 84 50 71 24 45 86 79 74 27 91 51 76 56 63 75 59 62 21 70 6 47 57 71 68 37 55 20 1000000 42 74 62 54 58 12 24 84 45 54 77 69 84 15 29 12 15 82 87 102 27 50 46 25 13 14 82 74 64 77 19 51 55 41 12 67 61 58 44 41 65 64 53 19 16 71 75 85 78 77 21 32 62 62 76 94 75 20 31 62 39 20 20 79 24 45 61 104 74 66 22 15 38 73 65 53 70 69 69 70 60 13 15 71 68 16 52 49 65 63 36 72 12 17 23 103 48 17 53 15 84 26 85 47
25 36 83 55 55 61 72 53 45 28 18 78 26 63 82 76 54 44 47 48 19 89 18 13 63 40 80 27 77 9 63 15 25 33 17 36 22 88 38 61 43 73 83 63 60 46 42 1000000 32 51 66 79 31 20 79 25 81 45 27 76 49 14 54 30 81 76 87 66 71 28 41 51 50 64 34 35 45 29 75 29 72 49 49 84 80 31 22 75 41 75 38 28 29 48 69 102 69 57 27 31 22 93 73 56 58 29 39 33 25 59 56 55 43 76 89 40 80 50 41 7 68 56 81 28 26 27 29 42 38 58 29 29 56 70 55 75 85 69 90 48 26 57 86 66 57 67 57 60 59 72 10
57 6 100 69 46 81 93 80 39 15 14 90 34 77 101 97 85 30 64 31 32 111 50 35 59 19 95 55 79 24 68 21 20 11 16 40 54 110 70 83 54 88 103 90 79 76 74 32 1000000 61 87 102 63 51 87 43 107 35 7 82 81 46 86 61 92 80 86 97 96 44 69 83 82 64 14 36 36 60 100 38 100 80 54 107 104 50 44 93 45 99 69 60 4 45 70 125 77 88 53 31 20 114 70 58 90 55 45 55 56 91 55 85 63 96 88 29 99 79 72 37 78 66 108 7 8 9 14 51 69 90 4 16 89 93 75 94 109 98 111 79 58 89 83 90 88 88 89 57 89 76 31
54 58 40 10 33 27 40 40 28 46 56 29 28 17 43 42 65 39 13 43 33 54 48 64 26 49 35 36 29 48 14 60 41 70 52 21 52 53 57 33 8 27 46 49 23 78 62 51 61 1000000 33 50 52 48 29 26 58 34 61 25 76 56 69 49 32 26 40 67 46 23 39 75 76 21 49 25 33 64 50 23 58 58 9 54 52 21 29 35 16 48 73 60 59 24 23 70 19 83 32 29 67 56 32 15 82 32 16 23 47 81 21 52 18 40 42 36 42 48 73 45 17 6 61 54 62 63 69 9 69 72 61 45 77 42 23 36 56 60 54 56 53 85 41 40 64 35 74 25 56 23 61
56 87 20 24 66 6 6 22 60 74 78 28 53 19 17 10 50 71 24 75 56 23 55 78 58 80 20 41 49 68 40 80 68 94 75 51 56 22 50 7 36 20 16 23 10 74 54 66 87 33 1000000 17 50 53 36 45 26 67 86 40 68 64 55 48 31 45 60 45 14 43 31 65 68 50 78 55 65 66 18 49 29 44 43 21 19 38 45 11 48 16 71 61 85 57 49 38 34 74 40 58 88 27 60 47 70 38 47 34 49 69 53 34 25 9 61 68 13 33 69 60 29 31 29 80 87 87 92 40 66 57 87 72 64 9 12 11 23 34 24 43 54 76 63 9 47 3 60 57 34 44 76
64 102 25 40 82 23 10 27 77 89 92 39 69 35 18 10 50 88 40 92 71 14 64 89 74 96 28 52 64 81 56 93 83 109 89 68 65 12 55 19 53 32 13 20 26 77 58 79 102 50 17 1000000 56 63 48 59 11 83 100 54 71 74 55 56 42 59 73 41 8 58 39 67 70 66 94 72 82 72 7 65 21 46 59 5 2 53 59 19 64 5 76 68 100 74 65 24 49 74 52 74 101 19 75 63 70 50 64 48 58 69 69 34 40 12 74 84 14 36 73 72 44 47 15 95 101 101 106 56 71 56 101 88 64 9 28 18 7 27 15 46 62 77 77 12 46 15 60 73 33 59 88
8 66 70 51 72 46 52 30 62 56 49 71 42 55 66 57 22 66 41 71 38 69 13 37 74 67 68 16 80 39 66 46 51 65 47 50 10 68 7 43 46 64 64 37 48 27 12 31 63 52 50 56 1000000 12 75 32 55 65 58 75 25 20 24 2 75 78 92 35 48 34 18 24 25 71 62 51 64 16 51 42 44 18 56 61 57 32 28 60 52 52 22 12 60 63 75 79 68 32 20 50 53 74 82 64 32 20 50 28 8 32 67 26 36 58 94 62 62 22 21 26 64 55 55 58 58 58 60 48 17 27 60 56 28 49 42 60 63 40 70 16 6 34 92 45 25 49 27 72 30 75 37
8 54 72 49 64 49 57 37 53 45 38 71 33 55 70 62 34 56 40 61 28 75 1 27 68 56 70 13 77 27 62 34 40 53 36 42 4 74 19 47 41 65 69 46 50 32 24 20 51 48 53 63 12 1000000 74 25 63 55 47 73 33 11 35 10 75 74 88 46 55 27 24 34 34 66 51 43 55 17 58 34 53 29 50 68 64 27 21 63 45 59 26 13 48 55 70 86 65 41 16 40 42 79 77 58 41 17 43 25 5 42 61 36 34 62 90 52 67 31 27 15 63 52 64 47 46 46 49 42 23 39 48 44 39 55 44 63 70 50 76 28 7 42 88 51 37 53 38 65 40 71 27
80 84 26 25 49 34 40 54 50 73 84 9 56 21 32 38 83 62 34 64 62 45 75 92 36 73 21 62 17 76 19 89 68 97 80 48 78 45 79 40 36 16 37 58 30 102 84 79 87 29 36 48 75 74 1000000 54 59 56 89 8 98 83 88 73 7 13 25 80 49 52 59 96 98 28 75 52 55 90 52 52 65 76 34 51 50 49 57 29 42 49 98 85 86 45 23 60 10 105 58 56 95 44 32 31 102 57 43 49 72 101 35 67 40 36 26 60 35 65 96 74 12 23 63 80 90 90 97 38 93 90 89 71 97 44 35 30 51 69 44 75 78 107 30 45 80 38 93 36 69 15 89
32 43 60 30 40 38 51 38 29 31 34 53 11 38 60 55 52 35 23 40 11 68 25 38 43 39 56 18 53 24 39 37 25 50 30 18 29 67 39 40 18 49 61 48 37 57 45 25 43 26 45 59 32 25 54 1000000 64 33 41 51 57 31 55 30 56 52 64 60 53 3 29 57 58 41 36 19 32 41 57 10 58 45 26 64 61 7 4 52 20 56 51 38 40 31 46 82 44 65 14 19 44 71 52 33 64 15 18 12 26 64 36 45 20 54 66 31 57 40 51 20 43 31 66 36 42 42 48 18 47 58 42 30 60 50 32 52 66 57 68 43 31 66 64 47 52 46 59 40 49 48 35
63 107 36 49 91 31 20 27 84 94 96 50 74 44 29 21 45 94 47 99 75 22 65 90 83 102 39 53 74 84 65 95 88 112 93 74 64 20 53 26 60 43 24 18 35 73 54 81 107 58 26 11 55 63 59 64 1000000 90 104 64 65 74 50 55 53 70 84 33 12 63 40 61 64 76 99 78 89 70 8 71 13 42 67 10 9 58 63 30 72 10 73 66 104 82 74 25 59 68 54 80 103 27 85 72 64 52 71 52 58 63 78 30 46 23 85 90 25 34 69 74 54 56 4 100 104 105 109 64 67 49 105 93 58 16 35 29 12 20 23 42 61 70 88 18 40 23 54 82 28 69 89
63 30 74 44 12 60 73 68 6 21 37 61 23 51 77 76 85 5 43 9 28 88 55 55 25 18 68 51 45 36 37 45 21 46 35 17 59 87 71 65 30 60 80 78 57 87 77 45 35 34 67 83 65 55 56 33 90 1000000 38 49 88 57 87 62 62 47 52 92 78 32 61 89 89 30 21 14 1 70 83 23 87 78 25 88 85 36 37 69 19 81 80 68 35 12 36 104 46 96 47 15 49 90 35 26 96 48 20 42 57 96 21 77 45 74 53 6 76 72 82 44 48 39 93 29 40 40 47 27 78 91 37 20 93 74 55 70 89 88 88 76 62 98 49 72 85 68 91 22 81 43 51
52 12 100 69 50 80 92 77 42 17 9 91 34 77 101 96 81 34 63 36 30 110 45 29 63 24 95 52 82 20 70 15 20 8 12 41 49 108 65 81 54 88 102 88 78 70 69 27 7 61 86 100 58 47 89 41 104 38 1000000 84 75 41 81 57 93 82 90 93 94 43 66 78 77 66 18 37 39 55 98 38 97 76 55 105 102 48 41 93 47 97 63 55 4 48 72 124 78 83 50 32 13 113 73 60 84 52 46 53 52 85 58 81 61 95 91 33 99 75 67 32 79 67 105 10 2 2 9 52 64 85 2 19 83 92 74 93 107 94 110 74 53 83 87 88 84 87 84 60 85 78 25
79 78 33 24 42 38 45 57 44 67 79 16 52 23 39 44 85 55 34 57 58 52 73 89 28 67 28 61 10 72 13 85 63 92 76 43 77 52 79 44 33 22 44 62 33 102 84 76 82 25 40 54 75 73 8 51 64 49 84 1000000 99 81 90 73 15 6 19 84 54 49 60 97 99 20 69 46 48 89 58 48 69 78 28 57 56 46 55 35 37 55 97 85 81 38 15 67 8 106 57 51 91 51 24 24 103 56 38 48 71 103 28 70 40 42 21 54 41 67 96 71 12 20 68 75 85 85 92 34 93 92 83 65 98 49 37 36 57 73 51 76 77 108 23 49 82 43 95 29 72 7 86
26 85 89 75 97 66 70 47 86 77 67 93 66 78 84 74 21 89 65 94 61 84 34 48 99 88 88 40 105 58 90 61 72 79 65 74 29 83 20 62 71 85 81 50 69 8 15 49 81 76 68 71 25 33 98 57 65 88 75 99 1000000 35 16 27 97 102 116 35 63 59 40 5 2 96 83 75 88 21 64 66 53 25 80 74 70 57 53 79 77 66 13 21 77 88 99 90 91 8 45 73 66 89 107 88 10 45 75 53 31 10 92 37 59 75 118 85 80 36 9 46 88 80 63 77 74 74 74 73 12 18 77 77 11 66 64 79 76 46 85 25 26 9 117 62 26 67 14 97 38 99 51
13 50 83 58 67 59 68 47 56 43 32 81 36 65 81 73 41 57 49 61 29 86 10 16 73 54 80 23 84 23 69 27 38 46 31 46 10 85 26 58 49 75 80 56 60 31 29 14 46 56 64 74 20 11 83 31 74 57 41 81 35 1000000 41 20 84 82 95 55 66 33 35 37 36 72 48 46 57 14 69 38 64 38 56 79 75 35 27 74 50 70 24 14 43 59 77 97 74 43 26 42 33 90 82 64 44 27 48 34 16 45 66 46 44 73 97 52 77 41 27 13 71 61 74 43 40 40 41 49 23 45 43 43 43 66 54 74 81 60 87 37 14 43 94 62 45 64 43 70 50 79 17
29 89 75 66 94 54 56 34 84 80 72 82 65 67 70 60 5 89 57 94 61 69 36 57 94 90 76 37 97 62 83 68 74 87 70 72 32 67 17 49 65 74 67 35 58 24 12 54 86 69 55 55 24 35 88 55 50 87 81 90 16 41 1000000 26 86 93 108 19 48 56 31 12 15 90 86 74 87 30 49 65 37 12 75 58 55 53 51 66 73 51 27 28 83 84 92 74 82 19 41 73 74 74 101 83 15 40 71 48 31 14 87 22 52 61 110 85 66 23 22 50 78 72 47 82 81 81 82 68 22 4 83 79 9 51 53 66 60 30 70 13 28 21 109 48 10 54 5 92 23 91 59
9 64 68 49 70 44 51 29 59 54 48 69 40 53 65 56 24 64 39 69 36 68 12 36 72 65 66 13 78 37 63 45 49 63 46 48 10 67 9 41 44 62 63 37 46 29 15 30 61 49 48 56 2 10 73 30 55 62 57 73 27 20 26 1000000 73 75 89 36 47 32 17 27 28 69 60 49 62 18 50 40 44 19 53 60 56 30 26 58 50 51 25 13 58 61 72 78 65 35 17 47 52 73 80 61 34 17 48 26 6 34 65 26 33 56 91 59 61 21 23 25 62 53 55 56 56 57 59 46 20 29 59 54 31 48 40 59 62 40 69 17 6 37 90 44 27 47 29 69 30 72 37
80 89 19 26 56 31 35 51 56 77 87 4 60 20 26 32 81 67 35 70 65 38 76 94 42 79 14 62 25 79 25 92 73 102 84 52 78 38 78 37 39 12 31 54 28 101 82 81 92 32 31 42 75 75 7 56 53 62 93 15 97 84 86 73 1000000 20 32 77 45 54 57 94 97 34 80 56 61 90 47 55 60 74 38 45 44 51 59 23 47 44 97 85 91 50 30 53 16 103 59 61 99 37 39 36 100 58 48 50 72 99 42 64 40 30 33 65 29 62 96 76 15 26 57 85 94 95 101 41 92 87 93 76 94 39 33 24 45 65 37 73 78 105 36 41 77 34 91 43 66 22 92
81 76 38 27 38 42 50 61 41 65 78 22 51 27 45 49 88 52 36 54 58 57 75 89 24 64 33 63 5 72 13 84 62 90 75 42 78 57 82 48 33 27 50 66 37 104 87 76 80 26 45 59 78 74 13 52 70 47 82 6 102 82 93 75 20 1000000 15 88 59 49 63 100 102 17 66 45 45 91 63 47 74 81 28 63 61 48 55 40 36 60 99 87 79 35 11 73 11 109 59 50 90 56 19 22 106 58 38 50 73 106 25 74 42 47 17 51 47 70 99 71 16 22 74 73 83 84 91 34 95 95 81 64 101 54 41 41 63 78 56 80 79 111 18 54 86 48 98 25 76 4 86
94 82 50 42 41 57 64 76 48 73 87 34 62 42 57 63 103 57 51 57 69 69 88 100 27 69 46 77 11 82 26 94 70 97 84 51 92 70 96 63 46 41 62 81 52 118 102 87 86 40 60 73 92 88 25 64 84 52 90 19 116 95 108 89 32 15 1000000 103 74 62 77 115 116 24 72 54 51 104 77 58 89 96 39 76 75 61 68 54 46 74 113 100 86 42 18 85 26 123 73 59 99 68 17 31 121 72 48 64 87 121 32 89 57 61 2 57 60 85 113 83 31 37 88 80 91 92 99 46 109 110 89 71 116 68 56 54 76 92 68 94 93 125 6 69 101 62 113 30 91 17 96
42 99 64 62 96 46 44 27 87 88 84 73 71 61 57 48 15 95 55 100 68 54 48 71 93 98 65 43 92 73 79 81 82 99 81 75 45 52 29 40 65 65 53 23 51 43 27 66 97 67 45 41 35 46 80 60 33 92 93 84 35 55 19 36 77 88 103 1000000 34 60 31 30 33 88 94 78 91 46 34 69 20 17 75 42 40 56 57 55 75 37 45 43 94 87 89 56 77 36 46 78 88 59 99 82 31 45 73 50 41 30 87 15 50 49 104 90 53 20 40 60 72 68 30 92 92 93 95 69 40 17 94 87 26 39 47 54 44 14 55 19 41 38 105 36 10 43 21 92 12 86 72
56 96 30 38 79 19 10 19 73 83 85 41 63 33 23 13 43 83 35 87 64 22 56 81 72 90 31 44 64 74 54 86 77 102 82 62 56 20 47 14 48 33 19 13 24 69 50 71 96 46 14 8 48 55 49 53 12 78 94 54 63 66 48 47 45 59 74 34 1000000 52 31 59 62 64 88 66 77 64 4 59 16 38 56 13 9 46 52 22 60 4 68 60 93 70 63 31 48 67 44 68 93 26 74 61 62 42 59 41 50 62 67 26 34 15 75 79 19 28 65 64 44 45 15 89 94 94 99 52 62 48 94 82 57 6 24 21 15 21 22 38 54 69 77 6 38 12 52 71 25 58 80
34 44 57 28 38 37 49 38 28 31 36 51 11 36 58 53 53 35 21 40 13 67 27 40 41 39 54 19 51 26 36 39 25 51 32 16 31 65 40 39 16 46 59 48 35 59 46 28 44 23 43 58 34 27 52 3 63 32 43 49 59 33 56 32 54 49 62 60 52 1000000 29 59 59 39 36 18 31 43 56 9 58 46 23 63 60 5 7 50 18 55 53 40 42 29 43 81 42 67 15 18 46 70 50 31 66 16 16 11 27 66 34 46 18 52 63 30 56 40 53 22 40 29 65 37 44 44 49 16 50 59 44 30 62 49 31 50 65 57 67 44 33 68 61 46 53 44 60 38 50 46 38
25 70 51 35 65 27 34 13 56 58 57 53 40 38 48 39 26 64 27 69 38 51 25 50 64 68 50 14 66 46 52 56 52 73 54 44 25 50 20 24 35 46 46 22 30 44 25 41 69 39 31 39 18 24 59 29 40 61 66 60 40 35 31 17 57 63 77 31 31 29 1000000 37 39 59 64 47 60 35 34 38 31 19 45 44 40 25 26 42 44 35 41 30 66 56 62 62 52 46 16 47 63 56 71 53 44 14 43 19 19 43 57 17 21 39 79 59 44 11 38 34 48 41 40 63 66 66 70 38 35 33 67 57 39 31 24 42 46 29 52 17 23 48 79 27 25 30 35 62 21 60 50
27 87 86 73 97 63 66 44 86 78 69 90 66 75 81 71 17 90 64 95 62 80 35 51 98 90 85 40 103 60 89 63 73 82 68 75 30 79 18 59 70 83 78 46 67 13 13 51 83 75 65 67 24 34 96 57 61 89 78 97 5 37 12 27 94 100 115 30 59 59 37 1000000 3 95 84 76 88 23 60 67 48 21 80 70 67 57 53 76 77 62 17 23 80 87 98 86 89 9 44 74 69 85 106 88 7 44 74 52 32 8 91 33 58 72 116 85 76 33 13 48 86 78 59 79 77 77 77 72 14 13 80 78 6 62 61 76 72 42 81 22 27 11 116 58 22 64 9 96 34 97 53
27 86 88 75 97 66 69 46 87 78 68 93 67 77 83 74 20 90 65 95 62 83 35 49 99 89 88 41 105 59 90 62 73 81 67 75 30 82 20 61 71 85 80 49 69 10 14 50 82 76 68 70 25 34 98 58 64 89 77 99 2 36 15 28 97 102 116 33 62 59 39 3 1000000 96 84 76 89 22 63 67 51 24 81 73 70 58 53 79 77 65 15 22 79 88 99 89 91 7 45 74 68 88 108 89 8 45 75 53 32 9 92 36 60 75 118 86 79 35 10 47 88 80 62 79 76 76 75 73 13 17 79 78 9 65 63 78 75 45 84 25 27 9 117 61 25 66 12 97 37 99 52
73 60 50 27 22 45 56 61 25 49 63 34 38 32 55 57 86 35 33 37 45 67 66 76 8 48 44 56 15 58 11 70 47 74 60 28 70 67 76 51 25 37 59 68 41 97 82 64 64 21 50 66 71 66 28 41 76 30 66 20 96 72 90 69 34 17 24 88 64 39 59 95 96 1000000 50 30 29 82 68 34 77 78 16 70 68 39 45 48 22 66 92 79 63 19 6 83 19 103 51 35 75 68 11 8 102 51 24 43 65 102 9 73 38 55 25 35 56 69 91 60 23 20 79 57 68 68 75 23 88 92 66 48 97 59 42 49 71 80 66 76 71 105 22 58 84 53 94 9 76 14 73
58 10 89 58 32 72 85 74 25 6 20 78 26 66 91 88 84 16 54 18 26 101 50 41 45 6 84 51 65 25 55 29 12 25 19 28 54 100 69 75 43 76 93 84 69 80 74 34 14 49 78 94 62 51 75 36 99 21 18 69 83 48 86 60 80 66 72 94 88 36 64 84 84 50 1000000 24 22 63 92 29 94 78 42 99 96 42 38 83 33 91 73 62 14 31 56 116 64 91 48 20 30 104 56 44 92 50 33 47 55 92 41 80 54 87 74 15 90 75 75 37 65 54 101 9 20 21 27 40 71 89 17 7 89 85 66 84 100 93 101 76 58 91 69 82 86 80 89 43 85 63 37
50 33 65 34 21 49 62 55 10 21 33 54 10 42 67 65 71 17 32 22 16 78 42 47 28 24 60 37 45 28 33 40 17 46 30 4 47 77 58 53 20 52 70 65 46 75 64 35 36 25 55 72 51 43 52 19 78 14 37 46 75 46 74 49 56 45 54 78 66 18 47 76 76 30 24 1000000 13 58 71 9 74 64 18 76 73 22 23 60 9 69 68 56 34 13 36 93 41 83 33 5 45 80 39 23 83 34 9 29 44 83 22 64 32 64 56 12 66 58 69 33 42 31 80 29 38 39 46 16 65 77 37 19 80 63 43 60 78 74 78 62 50 85 52 60 72 57 78 26 68 41 43
62 31 72 42 11 59 72 67 5 22 38 59 22 50 75 74 84 7 42 10 28 87 54 56 24 19 67 50 44 37 36 46 21 47 35 16 59 86 71 63 29 59 78 77 55 87 77 45 36 33 65 82 64 55 55 32 89 1 39 48 88 57 87 62 61 45 51 91 77 31 60 88 89 29 22 13 1000000 70 81 22 86 77 24 87 84 35 36 68 17 80 80 68 36 10 35 103 45 96 46 15 50 88 34 24 96 47 18 41 57 96 20 76 44 73 52 7 75 71 81 44 47 37 92 30 41 41 48 25 78 90 38 21 92 73 54 69 88 87 86 75 62 97 48 71 84 67 91 21 80 42 51
10 64 86 65 80 62 69 46 69 57 46 86 48 70 82 74 31 71 55 75 42 85 16 28 84 68 84 28 93 38 78 40 53 59 45 58 12 84 18 59 58 79 81 53 63 17 19 29 60 64 66 72 16 17 90 41 70 70 55 89 21 14 30 18 90 91 104 46 64 43 35 23 22 82 63 58 70 1000000 67 50 59 30 66 76 73 43 37 76 61 68 10 4 57 71 86 94 81 28 32 55 46 90 93 74 30 33 59 41 18 31 77 40 50 74 106 66 78 37 12 27 78 68 70 57 54 54 54 59 9 33 57 57 29 66 57 76 78 54 86 29 12 29 104 61 36 65 31 81 44 87 30
59 100 31 42 83 23 13 22 77 87 89 44 67 37 24 15 44 87 40 92 68 20 60 85 76 94 34 48 67 78 58 90 81 106 86 67 59 19 49 18 52 36 20 14 28 71 51 75 100 50 18 7 51 58 52 57 8 83 98 58 64 69 49 50 47 63 77 34 4 56 34 60 63 68 92 71 81 67 1000000 64 14 40 60 10 6 51 56 24 64 3 70 62 97 74 67 28 52 67 48 73 97 25 78 65 63 46 63 45 53 62 71 28 38 17 78 83 20 30 67 68 47 49 11 93 98 98 103 56 65 49 99 86 58 9 28 23 12 20 21 39 57 70 81 10 39 16 53 75 26 62 84
41 37 62 31 30 43 56 46 19 24 32 53 4 39 63 59 62 26 26 31 11 73 34 42 35 31 57 28 48 25 35 37 19 47 29 8 38 72 49 46 16 49 65 57 41 66 55 29 38 23 49 65 42 34 52 10 71 23 38 48 66 38 65 40 55 47 58 69 59 9 38 67 67 34 29 9 22 50 64 1000000 66 55 20 70 67 14 14 55 12 62 60 47 36 21 40 88 41 74 24 9 43 75 45 27 74 25 10 20 35 74 28 55 25 58 60 21 61 49 61 26 41 29 73 31 39 40 46 14 57 68 38 23 70 56 37 56 72 66 72 53 41 76 57 53 62 51 69 32 59 44 38
52 101 45 50 90 32 26 20 82 89 88 56 69 47 38 29 32 91 46 96 69 34 55 80 84 97 47 45 78 77 67 87 83 104 85 71 54 32 41 26 58 48 34 10 37 60 41 72 100 58 29 21 44 53 65 58 13 87 97 69 53 64 37 44 60 74 89 20 16 58 31 48 51 77 94 74 86 59 14 66 1000000 29 67 22 20 53 56 37 69 17 60 55 97 80 77 37 63 55 47 76 94 39 87 72 51 45 68 47 48 50 78 18 43 30 90 87 34 23 56 65 58 57 11 93 97 97 101 62 55 36 98 88 45 21 35 36 24 7 35 30 50 58 92 20 27 26 41 83 15 73 80
26 83 65 54 84 43 45 23 74 72 67 70 56 56 59 50 7 80 46 85 53 60 31 54 83 83 64 28 85 56 71 64 67 82 65 62 28 58 12 38 54 62 57 26 46 31 12 49 80 58 44 46 18 29 76 45 42 78 76 78 25 38 12 19 74 81 96 17 38 46 19 21 24 78 78 64 77 30 40 55 29 1000000 64 49 46 43 42 55 63 42 31 27 77 74 81 66 70 29 31 64 71 65 90 72 26 30 61 37 25 25 76 12 40 51 98 76 55 12 27 44 66 60 40 75 76 76 78 57 26 14 78 72 20 41 41 55 51 24 61 2 24 32 98 37 8 43 17 81 14 79 55
57 51 49 19 23 37 49 48 19 39 51 36 24 26 52 51 71 30 21 34 30 63 50 62 19 41 44 40 29 44 15 57 35 64 47 14 54 63 61 42 10 35 55 57 33 81 67 49 54 9 43 59 56 50 34 26 67 25 55 28 80 56 75 53 38 28 39 75 56 23 45 80 81 16 42 18 24 66 60 20 67 64 1000000 64 61 23 30 44 9 58 76 63 53 15 20 79 23 88 36 23 62 65 27 8 87 36 10 28 50 86 12 60 25 50 40 28 51 55 76 44 24 14 70 47 57 57 64 7 72 78 55 38 82 51 32 45 65 68 63 62 56 90 38 49 70 45 80 17 63 24 58
68 107 27 45 87 28 15 31 82 94 97 42 74 39 20 14 53 92 45 97 76 12 69 94 78 101 31 56 67 86 60 98 88 113 94 72 69 10 59 24 58 35 14 24 31 80 61 84 107 54 21 5 61 68 51 64 10 88 105 57 74 79 58 60 45 63 76 42 13 63 44 70 73 70 99 76 87 76 10 70 22 49 64 1000000 4 58 64 23 69 9 80 72 105 78 68 19 53 77 57 79 105 17 79 68 72 54 68 53 63 71 74 37 45 16 77 89 16 40 76 77 48 52 14 100 106 106 111 61 74 58 106 93 67 14 33 22 2 29 13 49 66 79 80 17 48 19 62 77 36 62 93
65 104 27 42 84 25 12 28 79 91 94 41 70 37 20 12 50 89 42 94 72 14 65 90 76 97 30 53 66 83 58 94 85 110 91 69 65 12 56 21 55 34 14 21 28 77 58 80 104 52 19 2 57 64 50 61 9 85 102 56 70 75 55 56 44 61 75 40 9 60 40 67 70 68 96 73 84 73 6 67 20 46 61 4 1000000 54 60 21 66 5 76 69 101 76 67 22 51 74 53 76 102 19 77 65 70 51 65 49 59 69 71 34 42 14 76 86 16 36 73 73 46 49 14 97 102 103 107 58 71 55 103 90 64 11 30 20 6 26 15 46 63 76 79 14 45 16 60 75 33 61 89
34 49 53 25 41 32 44 32 32 37 41 47 16 32 53 48 50 39 16 44 18 61 27 44 42 44 49 17 50 30 35 43 31 56 37 20 31 60 38 33 15 42 54 43 30 58 44 31 50 21 38 53 32 27 49 7 58 36 48 46 57 35 53 30 51 48 61 56 46 5 25 57 58 39 42 22 35 43 51 14 53 43 23 58 54 1000000 9 45 20 50 53 40 47 32 43 76 39 65 12 23 50 65 50 31 64 13 18 6 26 64 35 41 13 47 63 35 51 36 52 25 37 26 60 43 49 49 54 16 49 56 49 36 59 44 26 46 59 52 61 40 32 66 61 41 49 39 57 40 45 44 41
28 44 61 33 44 39 51 36 33 32 33 56 14 40 61 55 48 38 25 43 12 69 21 35 47 41 58 14 57 23 43 35 26 49 30 22 25 67 35 40 22 51 61 47 38 53 41 22 44 29 45 59 28 21 57 4 63 37 41 55 53 27 51 26 59 55 68 57 52 7 26 53 53 45 38 23 36 37 56 14 56 42 30 64 60 9 1000000 53 24 56 47 34 41 35 50 82 47 61 11 22 42 72 56 38 60 12 22 11 21 60 40 43 21 54 70 34 58 37 47 17 46 34 64 37 42 42 47 22 43 54 42 31 56 50 33 53 66 55 69 40 27 62 68 47 49 46 55 45 47 52 33
67 92 10 26 67 15 12 32 63 79 85 20 59 18 8 9 61 74 29 78 63 19 64 87 56 84 10 50 44 75 38 88 74 101 82 55 66 18 61 18 40 13 11 32 15 84 65 75 93 35 11 19 60 63 29 52 30 69 93 35 79 74 66 58 23 40 54 55 22 50 42 76 79 48 83 60 68 76 24 55 37 55 44 23 21 45 53 1000000 51 21 82 72 91 59 46 35 30 84 49 63 95 21 57 47 81 47 51 42 59 80 53 44 32 7 55 71 7 43 79 68 26 31 34 86 93 94 99 43 77 67 93 78 75 16 20 1 23 42 19 54 65 87 58 19 57 13 71 56 45 40 85
52 42 56 26 21 42 54 50 13 30 42 45 15 34 59 57 70 23 25 28 22 70 45 54 23 33 51 37 37 36 24 48 26 55 39 6 49 69 58 46 12 43 62 60 38 77 64 41 45 16 48 64 52 45 42 20 72 19 47 37 77 50 73 50 47 36 46 75 60 18 44 77 77 22 33 9 17 61 64 12 69 63 9 69 66 20 24 51 1000000 62 71 58 44 11 28 86 32 85 32 14 54 72 32 15 84 33 2 26 46 84 16 60 27 56 48 20 58 55 72 38 32 21 74 38 48 48 55 8 68 76 46 29 80 56 36 52 70 70 69 61 51 86 45 54 70 50 78 20 64 33 50
60 99 28 39 81 21 10 22 75 86 89 40 66 34 21 12 46 85 38 90 67 18 60 85 73 93 30 48 64 78 55 89 80 105 86 65 60 17 51 17 51 33 17 16 25 73 53 75 99 48 16 5 52 59 49 56 10 81 97 55 66 70 51 51 44 60 74 37 4 55 35 62 65 66 91 69 80 68 3 62 17 42 58 9 5 50 56 21 62 1000000 72 64 96 72 64 27 49 70 48 71 97 23 75 62 66 46 61 44 54 65 68 30 37 14 75 82 17 31 68 68 44 46 14 92 97 98 102 54 66 51 98 85 60 7 26 20 11 23 19 41 58 72 78 9 41 13 56 72 28 59 84
19 74 92 73 90 68 74 51 79 67 55 93 58 77 88 79 30 81 64 85 53 89 26 36 94 78 90 37 102 48 87 49 63 67 54 68 22 88 21 64 67 86 86 56 70 7 19 38 69 73 71 76 22 26 98 51 73 80 63 97 13 24 27 25 97 99 113 45 68 53 41 17 15 92 73 68 80 10 70 60 60 31 76 80 76 53 47 82 71 72 1000000 13 66 81 96 97 90 20 41 65 54 94 103 84 22 41 69 50 26 23 87 43 58 79 115 76 84 40 5 37 86 77 71 66 62 62 62 68 6 29 65 67 23 70 64 82 82 55 90 31 20 20 113 66 35 70 26 91 45 96 39
6 64 81 61 77 57 64 41 66 56 46 82 46 65 78 69 29 68 51 73 40 81 13 29 81 67 79 24 89 37 74 41 51 60 45 55 9 79 14 54 54 75 76 49 59 19 16 28 60 60 61 68 12 13 85 38 66 68 55 85 21 14 28 13 85 87 100 43 60 40 30 23 22 79 62 56 68 4 62 47 55 27 63 72 69 40 34 72 58 64 13 1000000 56 68 83 90 77 29 28 53 47 86 90 71 30 28 56 37 14 31 74 37 45 69 102 64 74 33 14 25 74 64 66 56 54 54 54 55 10 31 57 56 29 61 53 72 74 50 82 26 7 30 100 57 33 60 29 78 40 83 31
54 9 98 67 46 79 91 77 39 14 11 88 32 75 99 95 82 30 62 32 29 108 47 31 59 20 93 52 79 21 67 18 18 11 12 38 50 107 66 80 52 86 101 87 77 73 71 29 4 59 85 100 60 48 86 40 104 35 4 81 77 43 83 58 91 79 86 94 93 42 66 80 79 63 14 34 36 57 97 36 97 77 53 105 101 47 41 91 44 96 66 56 1000000 44 69 123 76 85 50 30 17 111 70 57 87 52 43 52 53 87 54 81 60 94 88 29 97 76 69 33 76 65 105 6 6 6 13 50 66 86 2 15 85 91 72 92 106 95 108 75 54 85 83 87 85 86 85 57 86 75 28
63 41 63 34 10 51 64 61 6 31 45 49 23 41 66 66 81 17 35 20 30 78 55 60 15 29 57 48 34 42 25 52 28 55 42 13 59 77 69 56 22 49 70 71 47 87 75 48 45 24 57 74 63 55 45 31 82 12 48 38 88 59 84 61 50 35 42 87 70 29 56 87 88 19 31 13 10 71 74 21 80 74 15 78 76 32 35 59 11 72 81 68 44 1000000 25 94 35 95 44 18 57 79 26 14 95 44 13 37 56 95 10 72 38 64 44 16 66 66 82 46 37 28 85 38 49 50 57 18 78 87 47 29 91 65 46 60 80 81 77 72 62 97 39 64 81 59 89 13 75 32 56
77 66 46 28 27 45 55 62 31 56 69 30 43 30 52 55 88 42 35 43 50 64 70 82 13 54 41 59 9 64 10 76 53 80 66 33 74 64 80 51 28 34 56 69 40 101 85 69 70 23 49 65 75 70 23 46 74 36 72 15 99 77 92 72 30 11 18 89 63 43 62 98 99 6 56 36 35 86 67 40 77 81 20 68 67 43 50 46 28 64 96 83 69 25 1000000 81 16 106 55 41 81 64 11 13 105 55 30 46 69 104 15 74 41 53 20 41 53 70 95 65 21 21 78 63 74 74 81 28 91 95 72 54 100 58 43 47 69 80 64 79 75 108 18 58 86 52 97 14 77 8 78
87 125 35 60 102 45 32 50 98 112 116 51 91 53 29 29 69 109 62 113 94 16 88 112 91 118 40 75 77 105 73 117 106 132 112 89 87 17 77 42 74 47 25 42 47 97 78 102 125 70 38 24 79 86 60 82 25 104 124 67 90 97 74 78 53 73 85 56 31 81 62 86 89 83 116 93 103 94 28 88 37 66 79 19 22 76 82 35 86 27 97 90 123 94 81 1000000 64 92 75 96 124 16 91 82 88 73 85 71 81 87 88 54 63 30 86 105 28 58 93 95 60 66 27 118 124 124 129 78 92 73 124 111 82 32 51 34 17 44 17 66 85 95 90 36 64 37 78 91 52 73 112
71 74 30 17 40 31 39 50 40 62 73 15 46 16 36 39 77 52 26 55 52 48 66 82 28 63 25 53 15 66 10 79 58 87 70 37 69 48 72 37 26 18 40 55 26 94 77 69 77 19 34 49 68 65 10 44 59 46 78 8 91 74 82 65 16 11 26 77 48 42 52 89 91 19 64 41 45 81 52 41 63 70 23 53 51 39 47 30 32 49 90 77 76 35 16 64 1000000 98 50 46 85 48 27 21 96 49 33 40 63 95 26 63 32 37 28 50 37 59 89 64 5 13 63 70 80 80 87 27 85 84 78 61 90 43 30 31 53 66 47 69 70 100 29 43 75 37 87 28 65 10 79
34 92 94 81 105 72 74 52 94 85 74 99 74 84 89 79 24 97 72 102 69 88 42 55 107 96 94 48 112 66 97 68 80 87 73 82 37 86 27 67 79 91 85 54 75 13 21 57 88 83 74 74 32 41 105 65 68 96 83 106 8 43 19 35 103 109 123 36 67 67 46 9 7 103 91 83 96 28 67 74 55 29 88 77 74 65 61 84 85 70 20 29 85 95 106 92 98 1000000 52 81 73 93 115 96 5 52 83 61 39 6 100 41 66 80 125 93 84 41 16 54 94 87 66 85 82 82 81 81 19 19 85 85 10 70 70 84 79 49 89 30 34 2 124 66 29 72 15 104 41 106 58
22 54 58 33 53 34 45 27 43 42 41 55 25 39 56 49 38 49 24 54 23 62 17 38 54 52 55 4 61 30 47 41 37 58 38 31 20 61 26 34 27 49 56 38 35 46 32 27 53 32 40 52 20 16 58 14 54 47 50 57 45 26 41 17 59 59 73 46 44 15 16 44 45 51 48 33 46 32 48 24 47 31 36 57 53 12 11 49 32 48 41 28 50 44 55 75 50 52 1000000 32 49 66 63 44 51 2 30 9 14 51 47 32 19 49 74 44 53 27 40 20 47 37 55 47 50 50 54 28 36 44 51 42 47 43 29 49 58 45 63 29 20 54 73 39 39 40 45 52 37 56 37
48 29 69 38 25 52 64 56 14 17 28 59 8 46 71 68 70 17 34 22 13 81 40 42 33 22 64 36 50 24 38 35 12 41 25 9 44 80 56 55 23 56 73 66 49 72 62 31 31 29 58 74 50 40 56 19 80 15 32 51 73 42 73 47 61 50 59 78 68 18 47 74 74 35 20 5 15 55 73 9 76 64 23 79 76 23 22 63 14 71 65 53 30 18 41 96 46 81 32 1000000 40 84 44 28 81 34 13 29 42 81 27 64 34 67 60 12 69 58 67 29 46 35 82 24 34 34 41 20 63 76 32 15 78 65 46 64 80 75 81 61 47 82 57 62 71 60 76 30 68 46 39
46 25 103 74 61 81 93 76 52 28 12 96 39 81 103 97 74 46 66 48 34 111 40 18 72 36 99 50 90 20 77 7 29 14 15 48 43 110 59 82 59 92 104 86 81 61 62 22 20 67 88 101 53 42 95 44 103 49 13 91 66 33 74 52 99 90 99 88 93 46 63 69 68 75 30 45 50 46 97 43 94 71 62 105 102 50 42 95 54 97 54 47 17 57 81 124 85 73 49 40 1000000 114 83 68 76 51 52 54 47 76 67 77 63 97 100 43 100 72 57 29 84 73 104 22 11 11 8 58 55 78 15 29 75 92 76 96 107 91 111 69 47 73 96 88 78 88 76 70 81 86 16
81 112 18 46 87 33 22 44 83 100 105 35 79 38 13 17 69 95 50 99 83 5 81 104 76 104 24 67 61 95 57 107 94 121 102 76 81 7 73 33 61 31 11 39 35 96 76 93 114 56 27 19 74 79 44 71 27 90 113 51 89 90 74 73 37 56 68 59 26 70 56 85 88 68 104 80 88 90 25 75 39 65 65 17 19 65 72 21 72 23 94 86 111 79 64 16 48 93 66 84 114 1000000 74 67 89 64 72 61 75 88 73 53 51 18 69 92 14 54 91 87 44 52 30 106 113 114 119 64 89 74 113 98 83 25 39 20 15 45 4 64 79 95 73 29 64 27 78 76 51 57 103
84 65 56 38 24 55 65 72 31 56 71 40 47 41 62 66 97 40 45 40 54 75 77 86 11 52 51 67 15 67 20 78 54 81 68 37 81 74 88 61 36 44 67 79 51 108 94 73 70 32 60 75 82 77 32 52 85 35 73 24 107 82 101 80 39 19 17 99 74 50 71 106 108 11 56 39 34 93 78 45 87 90 27 79 77 50 56 57 32 75 103 90 70 26 11 91 27 115 63 44 83 74 1000000 19 113 63 34 54 76 113 17 84 50 64 18 41 64 80 103 70 31 31 89 64 75 75 82 34 99 104 72 55 109 69 53 58 80 90 74 88 83 116 14 68 96 62 106 13 87 17 82
65 54 50 23 20 42 53 55 19 43 56 35 30 29 54 55 79 31 28 34 37 66 58 69 12 43 44 48 22 51 11 63 40 68 53 20 62 65 69 47 18 36 58 63 37 90 75 56 58 15 47 63 64 58 31 33 72 26 60 24 88 64 83 61 36 22 31 82 61 31 53 88 89 8 44 23 24 74 65 27 72 72 8 68 65 31 38 47 15 62 84 71 57 14 13 82 21 96 44 28 68 67 19 1000000 95 44 17 36 58 94 6 67 32 53 33 30 54 62 84 52 23 16 76 51 61 62 69 16 80 85 59 42 90 56 38 48 69 75 65 70 64 98 30 55 78 49 88 10 70 19 65
34 94 90 79 104 69 70 49 93 86 76 96 74 81 85 75 20 97 70 102 69 83 42 57 106 97 90 47 110 67 95 70 81 89 75 82 38 82 26 64 77 88 81 50 72 17 20 58 90 82 70 70 32 41 102 64 64 96 84 103 10 44 15 34 100 106 121 31 62 66 44 7 8 102 92 83 96 30 63 74 51 26 87 72 70 64 60 81 84 66 22 30 87 95 105 88 96 5 51 81 76 89 113 95 1000000 51 82 59 39 1 99 37 64 76 123 93 80 38 18 55 92 85 61 87 84 84 83 79 21 15 87 86 6 66 67 80 74 44 85 27 34 7 122 63 24 68 10 103 37 104 60
23 56 56 32 54 32 42 25 44 44 44 54 26 38 54 47 37 50 23 55 24 60 18 40 55 54 53 4 61 32 46 44 38 60 41 32 21 59 25 32 27 48 54 36 33 46 31 29 55 32 38 50 20 17 57 15 52 48 52 56 45 27 40 17 58 58 72 45 42 16 14 44 45 51 50 34 47 33 46 25 45 30 36 54 51 13 12 47 33 46 41 28 52 44 55 73 49 52 2 34 51 64 63 44 51 1000000 31 9 15 51 48 30 17 47 74 46 51 25 41 22 46 36 53 49 52 52 57 28 37 43 53 43 47 41 27 47 56 43 61 28 21 54 73 37 37 38 44 52 35 55 39
50 42 56 25 23 41 54 49 14 30 41 45 14 34 59 57 68 24 24 28 20 69 43 52 25 33 51 35 38 34 25 47 25 54 37 5 47 69 56 45 11 43 61 58 38 75 62 39 45 16 47 64 50 43 43 18 71 20 46 38 75 48 71 48 48 38 48 73 59 16 43 74 75 24 33 9 18 59 63 10 68 61 10 68 65 18 22 51 2 61 69 56 43 13 30 85 33 83 30 13 52 72 34 17 82 31 1000000 24 43 82 18 59 25 55 50 20 58 53 69 36 33 22 73 37 47 47 54 8 65 74 45 28 78 55 35 52 70 69 69 59 49 84 47 53 68 49 76 22 62 34 48
31 55 50 24 47 28 39 27 37 42 45 47 22 31 49 44 44 45 15 50 23 57 26 45 46 50 47 13 52 34 38 46 36 61 41 26 29 56 34 29 18 41 50 37 27 55 39 33 55 23 34 48 28 25 49 12 52 42 53 48 53 34 48 26 50 50 64 50 41 11 19 52 53 43 47 29 41 41 45 20 47 37 28 53 49 6 11 42 26 44 50 37 52 37 46 71 40 61 9 29 54 61 54 36 59 9 24 1000000 23 59 40 35 10 43 65 41 47 30 49 27 38 28 54 48 53 53 58 20 45 51 53 41 55 39 22 42 54 46 57 35 30 62 64 35 44 35 52 44 39 47 43
8 58 69 47 65 45 53 32 55 49 43 68 35 52 66 58 30 59 37 64 30 70 7 32 68 59 67 10 76 32 61 40 43 58 40 43 7 69 15 42 41 61 65 40 46 32 20 25 56 47 49 58 8 5 72 26 58 57 52 71 31 16 31 6 72 73 87 41 50 27 19 32 32 65 55 44 57 18 53 35 48 25 50 63 59 26 21 59 46 54 26 14 53 56 69 81 63 39 14 42 47 75 76 58 39 15 43 23 1000000 39 61 31 32 58 89 54 62 25 26 19 60 51 58 51 51 51 54 42 22 35 53 48 36 50 40 59 65 44 71 23 6 41 87 46 32 49 35 65 35 70 32
34 94 89 79 104 68 70 48 93 86 77 95 74 81 84 74 19 98 70 102 69 83 42 58 105 97 90 47 109 67 95 71 81 89 75 82 38 81 25 63 77 87 81 49 72 17 20 59 91 81 69 69 32 42 101 64 63 96 85 103 10 45 14 34 99 106 121 30 62 66 43 8 9 102 92 83 96 31 62 74 50 25 86 71 69 64 60 80 84 65 23 31 87 95 104 87 95 6 51 81 76 88 113 94 1 51 82 59 39 1000000 98 36 64 75 122 93 80 37 19 55 91 84 60 87 84 84 84 79 22 14 87 86 5 65 66 80 73 43 84 27 34 8 122 62 24 68 9 103 36 103 61
68 51 56 29 14 48 59 61 16 41 55 41 31 35 60 61 83 27 33 29 38 72 61 69 7 39 50 52 24 50 17 62 38 66 52 20 65 71 73 53 22 42 64 69 43 93 79 56 55 21 53 69 67 61 35 36 78 21 58 28 92 66 87 65 42 25 32 87 67 34 57 91 92 9 41 22 20 77 71 28 78 76 12 74 71 35 40 53 16 68 87 74 54 10 15 88 26 100 47 27 67 73 17 6 99 48 18 40 61 98 1000000 72 37 59 34 26 60 67 87 53 29 22 82 48 59 60 67 19 83 90 57 39 94 62 44 54 75 80 71 74 67 101 30 61 83 55 92 5 75 22 65
34 86 53 47 81 33 34 13 72 75 72 60 56 47 48 38 17 80 40 85 55 48 37 62 78 84 54 30 78 61 65 70 69 88 69 61 36 46 23 27 50 52 45 14 37 43 24 55 85 52 34 34 26 36 67 45 30 77 81 70 37 46 22 26 64 74 89 15 26 46 17 33 36 73 80 64 76 40 28 55 18 12 60 37 34 41 43 44 60 30 43 37 81 72 74 54 63 41 32 64 77 53 84 67 37 30 59 35 31 36 72 1000000 35 39 90 76 44 6 39 49 58 54 29 79 81 81 84 53 37 23 82 74 31 29 33 44 39 14 49 12 32 43 91 26 13 32 27 77 4 72 63
40 62 40 15 47 18 31 24 39 49 54 37 29 21 40 35 47 49 6 53 31 48 35 55 44 56 37 22 45 43 31 56 43 70 50 29 38 47 40 21 16 31 41 33 17 62 45 43 63 18 25 40 36 34 40 20 46 45 61 40 59 44 52 33 40 42 57 50 34 18 21 58 60 38 54 32 44 50 38 25 43 40 25 45 42 13 21 32 27 37 58 45 60 38 41 63 32 66 19 34 63 51 50 32 64 17 25 10 32 64 37 35 1000000 34 59 45 37 30 57 37 29 20 48 56 62 62 68 19 53 54 62 48 59 31 12 32 47 44 48 38 38 68 58 28 46 26 56 42 38 39 53
65 95 15 30 72 15 6 29 68 82 87 27 62 24 9 2 56 79 32 83 65 14 63 87 63 88 17 50 52 77 44 89 77 103 84 59 64 14 58 16 44 20 7 27 18 81 61 76 96 40 9 12 58 62 36 54 23 74 95 42 75 73 61 56 30 47 61 49 15 52 39 72 75 55 87 64 73 74 17 58 30 51 50 16 14 47 54 7 56 14 79 69 94 64 53 30 37 80 49 67 97 18 64 53 76 47 55 43 58 75 59 39 34 1000000 62 75 4 39 76 69 33 37 27 89 96 96 101 48 74 62 96 81 70 10 21 6 16 36 15 50 63 82 65 13 52 9 66 62 39 47 85
96 83 51 44 42 59 66 77 49 74 88 35 63 44 58 64 105 58 53 59 70 71 90 102 29 71 47 78 13 84 28 95 72 99 85 53 94 71 98 65 48 42 64 83 54 120 104 89 88 42 61 74 94 90 26 66 85 53 91 21 118 97 110 91 33 17 2 104 75 63 79 116 118 25 74 56 52 106 78 60 90 98 40 77 76 63 70 55 48 75 115 102 88 44 20 86 28 125 74 60 100 69 18 33 123 74 50 65 89 122 34 90 59 62 1000000 59 61 87 114 85 32 38 89 82 93 93 100 47 111 112 90 73 118 70 58 56 77 94 69 96 95 127 6 70 103 64 115 31 93 19 98
59 25 76 46 18 61 74 67 10 16 31 64 20 54 79 77 82 5 44 10 24 90 51 50 30 13 71 48 50 31 41 40 16 40 29 16 55 89 68 65 31 63 82 77 58 83 74 40 29 36 68 84 62 52 60 31 90 6 33 54 85 52 85 59 65 51 57 90 79 30 59 85 86 35 15 12 7 66 83 21 87 76 28 89 86 35 34 71 20 82 76 64 29 16 41 105 50 93 44 12 43 92 41 30 93 46 20 41 54 93 26 76 45 75 59 1000000 78 70 78 39 51 41 93 23 34 35 42 28 74 88 32 14 90 75 56 72 90 87 89 74 59 94 54 73 83 69 88 28 80 48 46
69 98 11 32 74 19 10 33 70 86 91 26 65 25 4 5 60 81 35 85 68 12 68 91 64 91 15 54 51 81 45 93 80 107 88 62 69 11 63 20 47 20 4 31 21 85 66 80 99 42 13 14 62 67 35 57 25 76 99 41 80 77 66 61 29 47 60 53 19 56 44 76 79 56 90 66 75 78 20 61 34 55 51 16 16 51 58 7 58 17 84 74 97 66 53 28 37 84 53 69 100 14 64 54 80 51 58 47 62 80 60 44 37 4 61 78 1000000 44 81 73 33 38 29 92 99 100 105 50 78 66 99 84 75 14 25 6 16 40 12 54 67 87 64 18 56 14 70 63 43 46 90
30 80 53 43 76 31 34 11 67 69 66 58 51 44 48 39 18 74 35 80 49 49 32 57 74 78 53 24 74 55 61 65 63 82 64 55 31 48 19 26 46 50 46 16 35 42 22 50 79 48 33 36 22 31 65 40 34 72 75 67 36 41 23 21 62 70 85 20 28 40 11 33 35 69 75 58 71 37 30 49 23 12 55 40 36 36 37 43 55 31 40 33 76 66 70 58 59 41 27 58 72 54 80 62 38 25 53 30 25 37 67 6 30 39 87 70 44 1000000 37 43 55 50 33 73 75 75 78 49 35 25 77 68 32 30 30 43 42 19 50 10 28 43 87 26 16 31 28 72 10 68 57
19 76 89 72 91 66 71 48 80 69 58 92 59 76 85 76 26 82 62 87 54 86 27 39 94 80 88 36 101 50 87 52 65 71 57 69 23 85 18 62 67 84 83 52 68 6 15 41 72 73 69 73 21 27 96 51 69 82 67 96 9 27 22 23 96 99 113 40 65 53 38 13 10 91 75 69 81 12 67 61 56 27 76 76 73 52 47 79 72 68 5 14 69 82 95 93 89 16 40 67 57 91 103 84 18 41 69 49 26 19 87 39 57 76 114 78 81 37 1000000 39 85 76 67 69 66 66 65 68 4 25 69 69 19 67 62 79 78 50 87 27 20 16 113 63 31 67 21 92 41 96 42
21 40 77 50 54 54 65 47 43 31 23 72 23 57 76 69 49 44 41 48 16 83 14 19 60 42 74 21 73 13 58 22 26 39 21 33 18 81 33 54 38 67 76 57 54 44 38 7 37 45 60 72 26 15 74 20 74 44 32 71 46 13 50 25 76 71 83 60 64 22 34 48 47 60 37 33 44 27 68 26 65 44 44 77 73 25 17 68 38 68 37 25 33 46 65 95 64 54 20 29 29 87 70 52 55 22 36 27 19 55 53 49 37 69 85 39 73 43 39 1000000 62 51 75 32 32 32 35 38 35 53 34 30 53 63 48 69 79 62 83 42 22 55 82 60 51 60 53 57 53 68 17
68 75 27 13 43 26 35 45 42 63 73 12 45 11 32 35 73 53 23 57 51 44 63 81 31 65 21 50 20 65 13 78 58 87 70 38 66 44 68 32 25 14 36 50 22 91 73 68 78 17 29 44 64 63 12 43 54 48 79 12 88 71 78 62 15 16 31 72 44 40 48 86 88 23 65 42 47 78 47 41 58 66 24 48 46 37 46 26 32 44 86 74 76 37 21 60 5 94 47 46 84 44 31 23 92 46 33 38 60 91 29 58 29 33 32 51 33 55 85 62 1000000 12 58 70 80 80 86 27 82 80 78 61 86 38 25 27 49 62 43 65 67 96 34 38 71 32 83 31 60 15 78
59 64 35 7 36 26 37 41 32 52 61 24 33 13 38 38 67 44 14 47 39 50 53 69 27 54 30 40 25 53 11 66 47 75 58 26 56 50 60 31 13 22 42 48 21 82 65 56 66 6 31 47 55 52 23 31 56 39 67 20 80 61 72 53 26 22 37 68 45 29 41 78 80 20 54 31 37 68 49 29 57 60 14 52 49 26 34 31 21 46 77 64 65 28 21 66 13 87 37 35 73 52 31 16 85 36 22 28 51 84 22 54 20 37 38 41 38 50 76 51 12 1000000 60 59 68 68 75 15 73 74 67 50 80 40 22 32 53 60 50 58 57 88 38 39 65 33 76 26 56 19 66
63 109 41 53 94 34 24 28 87 96 97 54 76 48 33 25 43 97 50 102 77 26 65 90 87 104 44 54 78 86 69 96 90 113 94 77 64 24 52 29 63 47 28 18 39 71 53 81 108 61 29 15 55 64 63 66 4 93 105 68 63 74 47 55 57 74 88 30 15 65 40 59 62 79 101 80 92 70 11 73 11 40 70 14 14 60 64 34 74 14 71 66 105 85 78 27 63 66 55 82 104 30 89 76 61 53 73 54 58 60 82 29 48 27 89 93 29 33 67 75 58 60 1000000 102 106 106 110 66 66 47 107 95 56 20 38 34 16 17 27 41 61 68 92 21 37 27 51 86 26 73 90
53 8 93 62 40 74 86 74 33 8 12 83 27 70 94 90 81 25 57 27 25 104 46 34 53 15 88 49 72 20 62 21 12 17 12 33 50 103 65 76 47 80 96 84 72 74 70 28 7 54 80 95 58 47 80 36 100 29 10 75 77 43 82 56 85 73 80 92 89 37 63 79 79 57 9 29 30 57 93 31 93 75 47 100 97 43 37 86 38 92 66 56 6 38 63 118 70 85 47 24 22 106 64 51 87 49 37 48 51 87 48 79 56 89 82 23 92 73 69 32 70 59 102 1000000 11 12 19 44 66 85 9 9 85 86 68 87 102 92 104 73 54 86 77 83 83 81 85 51 83 69 30
51 14 100 70 52 80 92 77 44 19 9 92 35 78 101 96 80 36 64 38 31 110 45 27 64 25 96 52 83 20 71 14 22 8 12 42 48 109 65 82 55 89 103 88 79 69 69 26 8 62 87 101 58 46 90 42 104 40 2 85 74 40 81 56 94 83 91 92 94 44 66 77 76 68 20 38 41 54 98 39 97 76 57 106 102 49 42 93 48 97 62 54 6 49 74 124 80 82 50 34 11 113 75 61 84 52 47 53 51 84 59 81 62 96 93 34 99 75 66 32 80 68 106 11 1000000 0 8 53 63 84 4 20 82 92 74 94 107 94 110 74 52 82 88 88 83 87 83 62 85 80 24
52 14 101 70 52 81 93 78 44 19 9 92 35 79 102 97 80 36 64 38 31 110 45 27 65 26 97 52 84 20 72 14 22 7 12 43 48 109 65 82 56 89 103 88 79 69 69 27 9 63 87 101 58 46 90 42 105 40 2 85 74 40 81 57 95 84 92 93 94 44 66 77 76 68 21 39 41 54 98 40 97 76 57 106 103 49 42 94 48 98 62 54 6 50 74 124 80 82 50 34 11 114 75 62 84 52 47 53 51 84 60 81 62 96 93 35 100 75 66 32 80 68 106 12 0 1000000 7 53 63 84 4 20 82 92 75 94 108 94 110 74 53 82 89 89 83 88 83 62 85 80 24
53 20 107 77 59 86 98 82 51 26 14 98 42 85 107 102 82 43 70 45 37 116 47 26 72 33 103 56 90 24 79 14 29 6 17 49 50 114 66 87 62 95 108 92 85 69 70 29 14 69 92 106 60 49 97 48 109 47 9 92 74 41 82 59 101 91 99 95 99 49 70 77 75 75 27 46 48 54 103 46 101 78 64 111 107 54 47 99 55 102 62 54 13 57 81 129 87 81 54 41 8 119 82 69 83 57 54 58 54 84 67 84 68 101 100 42 105 78 65 35 86 75 110 19 8 7 1000000 60 63 85 11 28 83 97 80 100 113 98 116 76 54 81 96 93 85 93 84 69 88 87 23
50 49 49 18 28 34 46 43 21 37 46 39 18 26 51 49 64 31 16 36 25 62 43 55 26 40 44 33 35 39 21 51 32 60 43 12 47 61 54 38 4 36 54 52 30 74 60 42 51 9 40 56 48 42 38 18 64 27 52 34 73 49 68 46 41 34 46 69 52 16 38 72 73 23 40 16 25 59 56 14 62 57 7 61 58 16 22 43 8 54 68 55 50 18 28 78 27 81 28 20 58 64 34 16 79 28 8 20 42 79 19 53 19 48 47 28 50 49 68 38 27 15 66 44 53 53 60 1000000 64 71 52 35 75 48 28 44 62 63 62 55 48 82 45 46 64 42 72 24 57 30 52
15 73 86 68 87 63 68 45 76 66 55 88 56 72 82 73 25 78 59 83 50 84 23 37 90 77 85 32 98 47 83 49 61 68 54 65 19 82 16 59 63 81 80 50 65 10 13 38 69 69 66 71 17 23 93 47 67 78 64 93 12 23 22 20 92 95 109 40 62 50 35 14 13 88 71 65 78 9 65 57 55 26 72 74 71 49 43 77 68 66 6 10 66 78 91 92 85 19 36 63 55 89 99 80 21 37 65 45 22 22 83 37 53 74 111 74 78 35 4 35 82 73 66 66 63 63 63 64 1000000 25 66 65 21 65 59 76 76 49 85 25 16 20 109 61 30 65 22 88 40 92 39
33 93 76 68 97 56 56 36 87 83 76 83 68 69 71 61 7 92 59 97 65 69 40 60 97 94 77 40 99 66 85 71 78 90 74 75 36 67 20 50 68 75 67 36 60 26 15 58 90 72 57 56 27 39 90 58 49 91 85 92 18 45 4 29 87 95 110 17 48 59 33 13 17 92 89 77 90 33 49 68 36 14 78 58 55 56 54 67 76 51 29 31 86 87 95 73 84 19 44 76 78 74 104 85 15 43 74 51 35 14 90 23 54 62 112 88 66 25 25 53 80 74 47 85 84 84 85 71 25 1000000 87 83 9 52 55 67 60 30 70 16 32 22 112 49 10 55 5 95 23 93 62
54 10 100 69 49 80 93 78 41 16 11 91 34 77 101 97 82 33 64 34 31 110 47 31 62 22 96 53 81 22 70 17 20 9 13 41 51 109 67 82 54 88 102 89 79 73 71 29 4 61 87 101 60 48 89 42 105 37 2 83 77 43 83 59 93 81 89 94 94 44 67 80 79 66 17 37 38 57 99 38 98 78 55 106 103 49 42 93 46 98 65 57 2 47 72 124 78 85 51 32 15 113 72 59 87 53 45 53 53 87 57 82 62 96 90 32 99 77 69 34 78 67 107 9 4 4 11 52 66 87 1000000 18 85 92 74 94 108 96 110 76 55 85 86 89 85 88 85 59 87 78 27
51 14 84 53 32 66 79 68 24 2 17 74 19 61 86 82 78 17 49 20 19 96 44 37 44 11 79 45 63 19 52 26 5 26 15 24 48 95 63 69 38 71 88 78 64 74 68 29 16 45 72 88 56 44 71 30 93 20 19 65 77 43 79 54 76 64 71 87 82 30 57 78 78 48 7 19 21 57 86 23 88 72 38 93 90 36 31 78 29 85 67 56 15 29 54 111 61 85 42 15 29 98 55 42 86 43 28 41 48 86 39 74 48 81 73 14 84 68 69 30 61 50 95 9 20 20 28 35 65 83 18 1000000 83 79 60 79 95 86 96 70 52 85 68 76 79 74 82 42 78 60 33
32 92 85 74 100 63 65 43 90 83 75 90 70 76 79 69 14 94 65 99 66 78 39 57 101 94 85 43 105 65 91 69 78 88 73 78 35 76 21 58 73 82 76 44 67 19 16 56 89 77 64 64 28 39 97 60 58 93 83 98 11 43 9 31 94 101 116 26 57 62 39 6 9 97 89 80 92 29 58 70 45 20 82 67 64 59 56 75 80 60 23 29 85 91 100 82 90 10 47 78 75 83 109 90 6 47 78 55 36 5 94 31 59 70 118 90 75 32 19 53 86 80 56 85 82 82 83 75 21 9 85 83 1000000 60 61 75 69 39 79 22 31 13 117 57 19 63 4 99 32 99 59
57 93 25 33 74 14 5 20 68 80 83 35 60 28 19 9 46 79 31 83 62 20 56 81 67 87 26 43 58 73 49 85 74 100 80 59 57 18 49 10 44 28 16 17 19 72 52 70 93 42 9 9 49 55 44 50 16 74 92 49 66 66 51 48 39 54 68 39 6 49 31 62 65 59 85 63 73 66 9 56 21 41 51 14 11 44 50 16 56 7 70 61 91 65 58 32 43 70 43 65 92 25 69 56 66 41 55 39 50 65 62 29 31 10 70 75 14 30 67 63 38 40 20 86 92 92 97 48 65 52 92 79 60 1000000 20 16 16 26 21 40 55 72 72 4 42 6 56 66 29 53 80
48 74 29 15 55 6 19 20 49 61 66 29 41 15 28 22 48 59 12 64 44 36 45 67 49 67 26 31 45 56 33 68 56 82 63 39 46 35 44 10 25 22 28 26 6 68 49 55 75 23 12 28 42 44 35 32 35 55 74 37 64 54 53 40 33 41 56 47 24 31 24 61 63 42 66 43 54 57 28 37 35 41 32 33 30 26 33 20 36 26 64 53 72 46 43 51 30 70 29 46 76 39 53 38 67 27 35 22 40 66 44 33 12 21 58 56 25 30 62 48 25 22 38 68 74 75 80 28 59 55 74 60 61 20 1000000 20 35 37 36 40 46 72 59 17 45 14 58 48 35 39 65
67 93 10 26 68 15 11 32 64 80 86 21 60 19 7 9 61 75 30 79 63 18 65 87 57 85 11 51 45 76 39 89 74 102 83 56 66 18 61 18 41 14 10 32 15 84 65 75 94 36 11 18 60 63 30 52 29 70 93 36 79 74 66 59 24 41 54 54 21 50 42 76 78 49 84 60 69 76 23 56 36 55 45 22 20 46 53 1 52 20 82 72 92 60 47 34 31 84 49 64 96 20 58 48 80 47 52 42 59 80 54 44 32 6 56 72 6 43 79 69 27 32 34 87 94 94 100 44 76 67 94 79 75 16 20 1000000 22 42 18 54 65 86 59 18 57 12 71 57 44 41 85
70 109 27 46 88 29 16 33 83 96 99 42 75 40 19 14 55 94 46 98 77 10 71 96 79 102 31 58 67 88 60 100 90 115 96 74 71 9 61 26 59 36 14 26 32 82 63 85 109 56 23 7 63 70 51 66 12 89 107 57 76 81 60 62 45 63 76 44 15 65 46 72 75 71 100 78 88 78 12 72 24 51 65 2 6 59 66 23 70 11 82 74 106 80 69 17 53 79 58 80 107 15 80 69 74 56 70 54 65 73 75 39 47 16 77 90 16 42 78 79 49 53 16 102 107 108 113 62 76 60 108 95 69 16 35 22 1000000 31 12 51 68 81 80 19 50 21 64 78 38 63 95
48 99 51 53 91 36 31 20 83 87 85 61 68 51 44 34 25 91 47 96 67 40 51 76 86 96 52 43 82 74 70 84 81 102 83 71 50 39 36 29 59 53 40 11 40 54 36 69 98 60 34 27 40 50 69 57 20 88 94 73 46 60 30 40 65 78 92 14 21 57 29 42 45 80 93 74 87 54 20 66 7 24 68 29 26 52 55 42 70 23 55 50 95 81 80 44 66 49 45 75 91 45 90 75 44 43 69 46 44 43 80 14 44 36 94 87 40 19 50 62 62 60 17 92 94 94 98 63 49 30 96 86 39 26 37 42 31 1000000 41 24 46 51 95 24 20 31 34 85 10 76 76
77 110 18 44 85 30 18 40 81 97 102 35 76 36 12 14 65 93 47 97 79 1 77 101 75 102 23 64 61 91 56 104 91 118 99 74 77 3 69 29 58 30 8 35 32 92 72 90 111 54 24 15 70 76 44 68 23 88 110 51 85 87 70 69 37 56 68 55 22 67 52 81 84 66 101 78 86 86 21 72 35 61 63 13 15 61 69 19 69 19 90 82 108 77 64 17 47 89 63 81 111 4 74 65 85 61 69 57 71 84 71 49 48 15 69 89 12 50 87 83 43 50 27 104 110 110 116 62 85 70 110 96 79 21 36 18 12 41 1000000 60 75 91 73 25 60 23 74 74 47 56 100
24 81 63 52 82 41 44 22 72 70 65 69 54 54 59 49 9 78 44 83 51 59 29 53 81 81 63 26 83 54 69 62 65 81 63 60 26 58 11 36 52 61 56 25 45 32 12 48 79 56 43 46 16 28 75 43 42 76 74 76 25 37 13 17 73 80 94 19 38 44 17 22 25 76 76 62 75 29 39 53 30 2 62 49 46 40 40 54 61 41 31 26 75 72 79 66 69 30 29 61 69 64 88 70 27 28 59 35 23 27 74 12 38 50 96 74 54 10 27 42 65 58 41 73 74 74 76 55 25 16 76 70 22 40 40 54 51 24 60 1000000 23 33 96 36 10 41 18 79 15 77 54
2 61 74 53 71 50 58 35 60 52 44 74 40 58 71 63 28 63 44 68 35 75 8 30 74 63 72 17 82 34 67 40 47 59 42 49 4 73 12 47 47 67 70 43 52 26 17 26 58 53 54 62 6 7 78 31 61 62 53 77 26 14 28 6 78 79 93 41 54 33 23 27 27 71 58 50 62 12 57 41 50 24 56 66 63 32 27 65 51 58 20 7 54 62 75 85 70 34 20 47 47 79 83 64 34 21 49 30 6 34 67 32 38 63 95 59 67 28 20 22 67 57 61 54 52 53 54 48 16 32 55 52 31 55 46 65 68 46 75 23 1000000 35 93 51 31 54 31 71 36 76 31
35 93 96 83 106 74 77 54 95 85 75 101 75 86 91 81 26 98 74 103 70 90 43 55 108 97 96 50 114 66 99 68 81 87 74 84 38 89 29 69 80 93 88 56 77 13 23 57 89 85 76 77 34 42 107 66 70 98 83 108 9 43 21 37 105 111 125 38 69 68 48 11 9 105 91 85 97 29 70 76 58 32 90 79 76 66 62 87 86 72 20 30 85 97 108 95 100 2 54 82 73 95 116 98 7 54 84 62 41 8 101 43 68 82 127 94 87 43 16 55 96 88 68 86 82 82 81 82 20 22 85 85 13 72 72 86 81 51 91 33 35 1000000 126 69 31 74 17 106 44 108 58
95 78 55 44 37 60 68 78 45 70 84 39 60 45 62 67 105 53 52 53 67 74 88 99 24 65 50 77 14 80 27 92 67 94 81 50 92 74 97 66 46 45 67 84 55 119 103 86 83 41 63 77 92 88 30 64 88 49 87 23 117 94 109 90 36 18 6 105 77 61 79 116 117 22 69 52 48 104 81 57 92 98 38 80 79 61 68 58 45 78 113 100 83 39 18 90 29 124 73 57 96 73 14 30 122 73 47 64 87 122 30 91 58 65 6 54 64 87 113 82 34 38 92 77 88 89 96 45 109 112 86 68 117 72 59 59 80 95 73 96 93 126 1000000 72 103 66 114 27 93 19 95
53 90 28 32 73 13 8 16 66 77 80 37 57 28 22 13 43 77 29 81 58 24 52 77 66 84 29 39 59 69 48 81 71 96 77 56 53 23 45 8 42 29 20 14 18 68 48 66 90 40 9 12 45 51 45 47 18 72 88 49 62 62 48 44 41 54 69 36 6 46 27 58 61 58 82 60 71 61 10 53 20 37 49 17 14 41 47 19 54 9 66 57 87 64 58 36 43 66 39 62 88 29 68 55 63 37 53 35 46 62 61 26 28 13 70 73 18 26 63 60 38 39 21 83 88 89 93 46 61 49 89 76 57 4 17 18 19 24 25 36 51 69 72 1000000 39 7 53 65 26 53 76
32 90 66 59 91 46 46 26 81 80 75 73 63 60 61 51 5 88 51 93 61 59 38 61 89 90 67 35 90 64 76 71 74 90 72 69 35 58 19 40 61 65 57 25 50 34 17 57 88 64 47 46 25 37 80 52 40 85 84 82 26 45 10 27 77 86 101 10 38 53 25 22 25 84 86 72 84 36 39 62 27 8 70 48 45 49 49 57 70 41 35 33 85 81 86 64 75 29 39 71 78 64 96 78 24 37 68 44 32 24 83 13 46 52 103 83 56 16 31 51 71 65 37 83 83 83 85 64 30 10 85 79 19 42 45 57 50 20 60 10 31 31 103 39 1000000 45 14 87 13 84 62
56 88 22 26 68 8 5 20 62 75 79 30 54 21 18 9 48 73 26 77 57 23 54 78 60 81 22 41 52 69 42 81 69 95 76 53 55 22 49 6 38 22 16 20 12 72 53 67 88 35 3 15 49 53 38 46 23 68 87 43 67 64 54 47 34 48 62 43 12 44 30 64 66 53 80 57 67 65 16 51 26 43 45 19 16 39 46 13 50 13 70 60 86 59 52 37 37 72 40 60 88 27 62 49 68 38 49 35 49 68 55 32 26 9 64 69 14 31 67 60 32 33 27 81 87 88 93 42 65 55 88 74 63 6 14 12 21 31 23 41 54 74 66 7 45 1000000 58 59 32 47 76
32 92 80 71 98 59 60 39 88 83 75 87 69 72 75 65 10 93 62 98 65 73 39 58 99 94 81 41 101 65 87 70 78 89 73 76 35 72 20 54 70 79 71 40 63 22 15 57 89 74 60 60 27 38 93 59 54 91 84 95 14 43 5 29 91 98 113 21 52 60 35 9 12 94 89 78 91 31 53 69 41 17 80 62 60 57 55 71 78 56 26 29 85 89 97 78 87 15 45 76 76 78 106 88 10 44 76 52 35 9 92 27 56 66 115 88 70 28 21 53 83 76 51 85 83 83 84 72 22 5 85 82 4 56 58 71 64 34 74 18 31 17 114 53 14 58 1000000 96 27 95 60
72 52 58 33 13 52 63 65 18 43 58 43 35 39 63 64 88 28 37 29 42 75 65 73 3 40 53 56 23 54 19 65 41 68 55 24 69 75 78 57 27 45 67 73 47 97 84 60 57 25 57 73 72 65 36 40 82 22 60 29 97 70 92 69 43 25 30 92 71 38 62 96 97 9 43 26 21 81 75 32 83 81 17 77 75 40 45 56 20 72 91 78 57 13 14 91 28 104 52 30 70 76 13 10 103 52 22 44 65 103 5 77 42 62 31 28 63 72 92 57 31 26 86 51 62 62 69 24 88 95 59 42 99 66 48 57 78 85 74 79 71 106 27 65 87 59 96 1000000 80 22 69
38 90 54 50 85 35 34 15 76 79 76 62 60 49 48 38 18 84 43 89 59 46 41 66 82 88 54 34 80 65 67 74 73 92 74 65 40 45 26 29 54 54 44 13 39 45 26 59 89 56 34 33 30 40 69 49 28 81 85 72 38 50 23 30 66 76 91 12 25 50 21 34 37 76 85 68 80 44 26 59 15 14 63 36 33 45 47 45 64 28 45 40 86 75 77 52 65 41 37 68 81 51 87 70 37 35 62 39 35 36 75 4 38 39 93 80 43 10 41 53 60 56 26 83 85 85 88 57 40 23 87 78 32 29 35 44 38 10 47 15 36 44 93 26 13 32 27 80 1000000 74 67
78 73 39 25 35 41 49 59 38 62 74 22 48 26 45 49 86 49 34 51 54 57 72 85 21 61 33 60 6 68 9 81 58 87 71 38 75 57 79 47 30 27 50 65 36 101 85 72 76 23 44 59 75 71 15 48 69 43 78 7 99 79 91 72 22 4 17 86 58 46 60 97 99 14 63 41 42 87 62 44 73 79 24 62 61 44 52 40 33 59 96 83 75 32 8 73 10 106 56 46 86 57 17 19 104 55 34 47 70 103 22 72 39 47 19 48 46 68 96 68 15 19 73 69 80 80 87 30 92 93 78 60 99 53 39 41 63 76 56 77 76 108 19 53 84 47 95 22 74 1000000 82
30 36 93 66 63 71 81 62 52 32 18 88 35 73 92 86 59 49 57 53 28 99 25 4 72 43 90 36 87 15 73 10 30 29 18 45 27 98 43 70 53 83 93 72 70 46 47 10 31 61 76 88 37 27 89 35 89 51 25 86 51 17 59 37 92 86 96 72 80 38 50 53 52 73 37 43 51 30 84 38 80 55 58 93 89 41 33 85 50 84 39 31 28 56 78 112 79 58 37 39 16 103 82 65 60 39 48 43 32 61 65 63 53 85 98 46 90 57 42 17 78 66 90 30 24 24 23 52 39 62 27 33 59 80 65 85 95 76 100 54 31 58 95 76 62 76 60 69 67 82 1000000
